//*************************************************
cpc01part#1
cave
TUBE
air
0.000000 0.000000 -35.000000
120.000000 680.000000
0.000000 0.000000 35.000000
0.000000 0.000000 1725.000000
1. 0. 0. 0. 1. 0. 0. 0. 1.
//*************************************************
cpc01part#2
cave
0.000000 0.000000 -1725.000000
-1.0000000000 0.0000000000 -0.0000000000 0.0000000000 1.0000000000 -0.0000000000 0.0000000000 -0.0000000000 -1.0000000000 
//*************************************************
cpc01part#3
cave
0.000000 0.000000 -2055.000000
-1.0000000000 0.0000000000 -0.0000000000 0.0000000000 1.0000000000 -0.0000000000 0.0000000000 -0.0000000000 -1.0000000000 
//*************************************************
cpc01part#4
cave
0.000000 0.000000 2055.000000
-1.0000000000 0.0000000000 -0.0000000000 0.0000000000 1.0000000000 -0.0000000000 0.0000000000 -0.0000000000 -1.0000000000 
//*************************************************
cpc01slice1#1
cpc01part#1
TUBE
air
0.000000 0.000000 -5.000000
120.000000 680.000000
0.000000 0.000000 5.000000
0.000000 0.000000 -30.000000
1. 0. 0. 0. 1. 0. 0. 0. 1.
//*************************************************
cpc01slice2#1
cpc01part#1
TUBE
air
0.000000 0.000000 -2.500000
120.000000 680.000000
0.000000 0.000000 2.500000
0.000000 0.000000 -22.500000
1. 0. 0. 0. 1. 0. 0. 0. 1.
//*************************************************
cpc01gas#1
cpc01slice2#1
TUBE
arco28020
0.000000 0.000000 -2.500000
150.000000 650.000000
0.000000 0.000000 2.500000
0.000000 0.000000 0.000000
1. 0. 0. 0. 1. 0. 0. 0. 1.
//*************************************************
cpc01roh#1
cpc01slice1#1
TUBE
rohacellhf71
0.000000 0.000000 -3.982000
150.000000 650.000000
0.000000 0.000000 3.982000
0.000000 0.000000 0.000000
1. 0. 0. 0. 1. 0. 0. 0. 1.
//*************************************************
cpc01cfcm#1
cpc01slice1#1
TUBE
carbon_fiber
0.000000 0.000000 -4.482000
150.000000 650.000000
0.000000 0.000000 -3.982000
0.000000 0.000000 0.000000
1. 0. 0. 0. 1. 0. 0. 0. 1.
//*************************************************
cpc01cfcp#1
cpc01slice1#1
TUBE
carbon_fiber
0.000000 0.000000 3.982000
150.000000 650.000000
0.000000 0.000000 4.482000
0.000000 0.000000 0.000000
1. 0. 0. 0. 1. 0. 0. 0. 1.
//*************************************************
cpc01g10m#1
cpc01slice1#1
TUBE
G10
0.000000 0.000000 -4.982000
150.000000 650.000000
0.000000 0.000000 -4.482000
0.000000 0.000000 0.000000
1. 0. 0. 0. 1. 0. 0. 0. 1.
//*************************************************
cpc01g10p#1
cpc01slice1#1
TUBE
G10
0.000000 0.000000 4.482000
150.000000 650.000000
0.000000 0.000000 4.982000
0.000000 0.000000 0.000000
1. 0. 0. 0. 1. 0. 0. 0. 1.
//*************************************************
cpc01vrl#1
cpc01slice1#1
TUBE
air
0.000000 0.000000 -5.000000
150.000000 650.000000
0.000000 0.000000 -4.982000
0.000000 0.000000 0.000000
1. 0. 0. 0. 1. 0. 0. 0. 1.
//*************************************************
cpc01vfl#1
cpc01slice1#1
TUBE
air
0.000000 0.000000 4.982000
150.000000 650.000000
0.000000 0.000000 5.000000
0.000000 0.000000 0.000000
1. 0. 0. 0. 1. 0. 0. 0. 1.
//*************************************************
cpc01sectu#1
cpc01vfl#1
TUBS
air
0.000000 0.000000 4.982000
150.000000 650.000000
0.000000 0.000000 5.000000
0.000000 0.703125

0.000000 0.000000 0.000000
1. 0. 0. 0. 1. 0. 0. 0. 1.
//*************************************************
cpc01sectu#2
cpc01vfl#1
0.000000 0.000000 0.000000
0.9999247018 -0.0122715383 0.0000000000 0.0122715383 0.9999247018 0.0000000000 -0.0000000000 0.0000000000 1.0000000000 
//*************************************************
cpc01sectu#3
cpc01vfl#1
0.000000 0.000000 0.000000
0.9996988187 -0.0245412285 0.0000000000 0.0245412285 0.9996988187 0.0000000000 -0.0000000000 0.0000000000 1.0000000000 
//*************************************************
cpc01sectu#4
cpc01vfl#1
0.000000 0.000000 0.000000
0.9993223846 -0.0368072229 0.0000000000 0.0368072229 0.9993223846 0.0000000000 -0.0000000000 0.0000000000 1.0000000000 
//*************************************************
cpc01sectu#5
cpc01vfl#1
0.000000 0.000000 0.000000
0.9987954562 -0.0490676743 0.0000000000 0.0490676743 0.9987954562 0.0000000000 -0.0000000000 0.0000000000 1.0000000000 
//*************************************************
cpc01sectu#6
cpc01vfl#1
0.000000 0.000000 0.000000
0.9981181129 -0.0613207363 0.0000000000 0.0613207363 0.9981181129 0.0000000000 -0.0000000000 0.0000000000 1.0000000000 
//*************************************************
cpc01sectu#7
cpc01vfl#1
0.000000 0.000000 0.000000
0.9972904567 -0.0735645636 0.0000000000 0.0735645636 0.9972904567 0.0000000000 -0.0000000000 0.0000000000 1.0000000000 
//*************************************************
cpc01sectu#8
cpc01vfl#1
0.000000 0.000000 0.000000
0.9963126122 -0.0857973123 0.0000000000 0.0857973123 0.9963126122 0.0000000000 -0.0000000000 0.0000000000 1.0000000000 
//*************************************************
cpc01sectu#9
cpc01vfl#1
0.000000 0.000000 0.000000
0.9951847267 -0.0980171403 0.0000000000 0.0980171403 0.9951847267 0.0000000000 -0.0000000000 0.0000000000 1.0000000000 
//*************************************************
cpc01sectu#10
cpc01vfl#1
0.000000 0.000000 0.000000
0.9939069700 -0.1102222073 0.0000000000 0.1102222073 0.9939069700 0.0000000000 -0.0000000000 0.0000000000 1.0000000000 
//*************************************************
cpc01sectu#11
cpc01vfl#1
0.000000 0.000000 0.000000
0.9924795346 -0.1224106752 0.0000000000 0.1224106752 0.9924795346 0.0000000000 -0.0000000000 0.0000000000 1.0000000000 
//*************************************************
cpc01sectu#12
cpc01vfl#1
0.000000 0.000000 0.000000
0.9909026354 -0.1345807085 0.0000000000 0.1345807085 0.9909026354 0.0000000000 -0.0000000000 0.0000000000 1.0000000000 
//*************************************************
cpc01sectu#13
cpc01vfl#1
0.000000 0.000000 0.000000
0.9891765100 -0.1467304745 0.0000000000 0.1467304745 0.9891765100 0.0000000000 -0.0000000000 0.0000000000 1.0000000000 
//*************************************************
cpc01sectu#14
cpc01vfl#1
0.000000 0.000000 0.000000
0.9873014182 -0.1588581433 0.0000000000 0.1588581433 0.9873014182 0.0000000000 -0.0000000000 0.0000000000 1.0000000000 
//*************************************************
cpc01sectu#15
cpc01vfl#1
0.000000 0.000000 0.000000
0.9852776424 -0.1709618888 0.0000000000 0.1709618888 0.9852776424 0.0000000000 -0.0000000000 0.0000000000 1.0000000000 
//*************************************************
cpc01sectu#16
cpc01vfl#1
0.000000 0.000000 0.000000
0.9831054874 -0.1830398880 0.0000000000 0.1830398880 0.9831054874 0.0000000000 -0.0000000000 0.0000000000 1.0000000000 
//*************************************************
cpc01sectu#17
cpc01vfl#1
0.000000 0.000000 0.000000
0.9807852804 -0.1950903220 0.0000000000 0.1950903220 0.9807852804 0.0000000000 -0.0000000000 0.0000000000 1.0000000000 
//*************************************************
cpc01sectu#18
cpc01vfl#1
0.000000 0.000000 0.000000
0.9783173707 -0.2071113762 0.0000000000 0.2071113762 0.9783173707 0.0000000000 -0.0000000000 0.0000000000 1.0000000000 
//*************************************************
cpc01sectu#19
cpc01vfl#1
0.000000 0.000000 0.000000
0.9757021300 -0.2191012402 0.0000000000 0.2191012402 0.9757021300 0.0000000000 -0.0000000000 0.0000000000 1.0000000000 
//*************************************************
cpc01sectu#20
cpc01vfl#1
0.000000 0.000000 0.000000
0.9729399522 -0.2310581083 0.0000000000 0.2310581083 0.9729399522 0.0000000000 -0.0000000000 0.0000000000 1.0000000000 
//*************************************************
cpc01sectu#21
cpc01vfl#1
0.000000 0.000000 0.000000
0.9700312532 -0.2429801799 0.0000000000 0.2429801799 0.9700312532 0.0000000000 -0.0000000000 0.0000000000 1.0000000000 
//*************************************************
cpc01sectu#22
cpc01vfl#1
0.000000 0.000000 0.000000
0.9669764710 -0.2548656596 0.0000000000 0.2548656596 0.9669764710 0.0000000000 -0.0000000000 0.0000000000 1.0000000000 
//*************************************************
cpc01sectu#23
cpc01vfl#1
0.000000 0.000000 0.000000
0.9637760658 -0.2667127575 0.0000000000 0.2667127575 0.9637760658 0.0000000000 -0.0000000000 0.0000000000 1.0000000000 
//*************************************************
cpc01sectu#24
cpc01vfl#1
0.000000 0.000000 0.000000
0.9604305194 -0.2785196894 0.0000000000 0.2785196894 0.9604305194 0.0000000000 -0.0000000000 0.0000000000 1.0000000000 
//*************************************************
cpc01sectu#25
cpc01vfl#1
0.000000 0.000000 0.000000
0.9569403357 -0.2902846773 0.0000000000 0.2902846773 0.9569403357 0.0000000000 -0.0000000000 0.0000000000 1.0000000000 
//*************************************************
cpc01sectu#26
cpc01vfl#1
0.000000 0.000000 0.000000
0.9533060404 -0.3020059493 0.0000000000 0.3020059493 0.9533060404 0.0000000000 -0.0000000000 0.0000000000 1.0000000000 
//*************************************************
cpc01sectu#27
cpc01vfl#1
0.000000 0.000000 0.000000
0.9495281806 -0.3136817404 0.0000000000 0.3136817404 0.9495281806 0.0000000000 -0.0000000000 0.0000000000 1.0000000000 
//*************************************************
cpc01sectu#28
cpc01vfl#1
0.000000 0.000000 0.000000
0.9456073254 -0.3253102922 0.0000000000 0.3253102922 0.9456073254 0.0000000000 -0.0000000000 0.0000000000 1.0000000000 
//*************************************************
cpc01sectu#29
cpc01vfl#1
0.000000 0.000000 0.000000
0.9415440652 -0.3368898534 0.0000000000 0.3368898534 0.9415440652 0.0000000000 -0.0000000000 0.0000000000 1.0000000000 
//*************************************************
cpc01sectu#30
cpc01vfl#1
0.000000 0.000000 0.000000
0.9373390119 -0.3484186803 0.0000000000 0.3484186803 0.9373390119 0.0000000000 -0.0000000000 0.0000000000 1.0000000000 
//*************************************************
cpc01sectu#31
cpc01vfl#1
0.000000 0.000000 0.000000
0.9329927988 -0.3598950365 0.0000000000 0.3598950365 0.9329927988 0.0000000000 -0.0000000000 0.0000000000 1.0000000000 
//*************************************************
cpc01sectu#32
cpc01vfl#1
0.000000 0.000000 0.000000
0.9285060805 -0.3713171940 0.0000000000 0.3713171940 0.9285060805 0.0000000000 -0.0000000000 0.0000000000 1.0000000000 
//*************************************************
cpc01sectu#33
cpc01vfl#1
0.000000 0.000000 0.000000
0.9238795325 -0.3826834324 0.0000000000 0.3826834324 0.9238795325 0.0000000000 -0.0000000000 0.0000000000 1.0000000000 
//*************************************************
cpc01sectu#34
cpc01vfl#1
0.000000 0.000000 0.000000
0.9191138517 -0.3939920401 0.0000000000 0.3939920401 0.9191138517 0.0000000000 -0.0000000000 0.0000000000 1.0000000000 
//*************************************************
cpc01sectu#35
cpc01vfl#1
0.000000 0.000000 0.000000
0.9142097557 -0.4052413140 0.0000000000 0.4052413140 0.9142097557 0.0000000000 -0.0000000000 0.0000000000 1.0000000000 
//*************************************************
cpc01sectu#36
cpc01vfl#1
0.000000 0.000000 0.000000
0.9091679831 -0.4164295601 0.0000000000 0.4164295601 0.9091679831 0.0000000000 -0.0000000000 0.0000000000 1.0000000000 
//*************************************************
cpc01sectu#37
cpc01vfl#1
0.000000 0.000000 0.000000
0.9039892931 -0.4275550934 0.0000000000 0.4275550934 0.9039892931 0.0000000000 -0.0000000000 0.0000000000 1.0000000000 
//*************************************************
cpc01sectu#38
cpc01vfl#1
0.000000 0.000000 0.000000
0.8986744657 -0.4386162385 0.0000000000 0.4386162385 0.8986744657 0.0000000000 -0.0000000000 0.0000000000 1.0000000000 
//*************************************************
cpc01sectu#39
cpc01vfl#1
0.000000 0.000000 0.000000
0.8932243012 -0.4496113297 0.0000000000 0.4496113297 0.8932243012 0.0000000000 -0.0000000000 0.0000000000 1.0000000000 
//*************************************************
cpc01sectu#40
cpc01vfl#1
0.000000 0.000000 0.000000
0.8876396204 -0.4605387110 0.0000000000 0.4605387110 0.8876396204 0.0000000000 -0.0000000000 0.0000000000 1.0000000000 
//*************************************************
cpc01sectu#41
cpc01vfl#1
0.000000 0.000000 0.000000
0.8819212643 -0.4713967368 0.0000000000 0.4713967368 0.8819212643 0.0000000000 -0.0000000000 0.0000000000 1.0000000000 
//*************************************************
cpc01sectu#42
cpc01vfl#1
0.000000 0.000000 0.000000
0.8760700942 -0.4821837721 0.0000000000 0.4821837721 0.8760700942 0.0000000000 -0.0000000000 0.0000000000 1.0000000000 
//*************************************************
cpc01sectu#43
cpc01vfl#1
0.000000 0.000000 0.000000
0.8700869911 -0.4928981922 0.0000000000 0.4928981922 0.8700869911 0.0000000000 -0.0000000000 0.0000000000 1.0000000000 
//*************************************************
cpc01sectu#44
cpc01vfl#1
0.000000 0.000000 0.000000
0.8639728561 -0.5035383837 0.0000000000 0.5035383837 0.8639728561 0.0000000000 -0.0000000000 0.0000000000 1.0000000000 
//*************************************************
cpc01sectu#45
cpc01vfl#1
0.000000 0.000000 0.000000
0.8577286100 -0.5141027442 0.0000000000 0.5141027442 0.8577286100 0.0000000000 -0.0000000000 0.0000000000 1.0000000000 
//*************************************************
cpc01sectu#46
cpc01vfl#1
0.000000 0.000000 0.000000
0.8513551931 -0.5245896827 0.0000000000 0.5245896827 0.8513551931 0.0000000000 -0.0000000000 0.0000000000 1.0000000000 
//*************************************************
cpc01sectu#47
cpc01vfl#1
0.000000 0.000000 0.000000
0.8448535652 -0.5349976199 0.0000000000 0.5349976199 0.8448535652 0.0000000000 -0.0000000000 0.0000000000 1.0000000000 
//*************************************************
cpc01sectu#48
cpc01vfl#1
0.000000 0.000000 0.000000
0.8382247056 -0.5453249884 0.0000000000 0.5453249884 0.8382247056 0.0000000000 -0.0000000000 0.0000000000 1.0000000000 
//*************************************************
cpc01sectu#49
cpc01vfl#1
0.000000 0.000000 0.000000
0.8314696123 -0.5555702330 0.0000000000 0.5555702330 0.8314696123 0.0000000000 -0.0000000000 0.0000000000 1.0000000000 
//*************************************************
cpc01sectu#50
cpc01vfl#1
0.000000 0.000000 0.000000
0.8245893028 -0.5657318108 0.0000000000 0.5657318108 0.8245893028 0.0000000000 -0.0000000000 0.0000000000 1.0000000000 
//*************************************************
cpc01sectu#51
cpc01vfl#1
0.000000 0.000000 0.000000
0.8175848132 -0.5758081914 0.0000000000 0.5758081914 0.8175848132 0.0000000000 -0.0000000000 0.0000000000 1.0000000000 
//*************************************************
cpc01sectu#52
cpc01vfl#1
0.000000 0.000000 0.000000
0.8104571983 -0.5857978575 0.0000000000 0.5857978575 0.8104571983 0.0000000000 -0.0000000000 0.0000000000 1.0000000000 
//*************************************************
cpc01sectu#53
cpc01vfl#1
0.000000 0.000000 0.000000
0.8032075315 -0.5956993045 0.0000000000 0.5956993045 0.8032075315 0.0000000000 -0.0000000000 0.0000000000 1.0000000000 
//*************************************************
cpc01sectu#54
cpc01vfl#1
0.000000 0.000000 0.000000
0.7958369046 -0.6055110414 0.0000000000 0.6055110414 0.7958369046 0.0000000000 -0.0000000000 0.0000000000 1.0000000000 
//*************************************************
cpc01sectu#55
cpc01vfl#1
0.000000 0.000000 0.000000
0.7883464276 -0.6152315906 0.0000000000 0.6152315906 0.7883464276 0.0000000000 -0.0000000000 0.0000000000 1.0000000000 
//*************************************************
cpc01sectu#56
cpc01vfl#1
0.000000 0.000000 0.000000
0.7807372286 -0.6248594881 0.0000000000 0.6248594881 0.7807372286 0.0000000000 -0.0000000000 0.0000000000 1.0000000000 
//*************************************************
cpc01sectu#57
cpc01vfl#1
0.000000 0.000000 0.000000
0.7730104534 -0.6343932842 0.0000000000 0.6343932842 0.7730104534 0.0000000000 -0.0000000000 0.0000000000 1.0000000000 
//*************************************************
cpc01sectu#58
cpc01vfl#1
0.000000 0.000000 0.000000
0.7651672656 -0.6438315429 0.0000000000 0.6438315429 0.7651672656 0.0000000000 -0.0000000000 0.0000000000 1.0000000000 
//*************************************************
cpc01sectu#59
cpc01vfl#1
0.000000 0.000000 0.000000
0.7572088465 -0.6531728430 0.0000000000 0.6531728430 0.7572088465 0.0000000000 -0.0000000000 0.0000000000 1.0000000000 
//*************************************************
cpc01sectu#60
cpc01vfl#1
0.000000 0.000000 0.000000
0.7491363945 -0.6624157776 0.0000000000 0.6624157776 0.7491363945 0.0000000000 -0.0000000000 0.0000000000 1.0000000000 
//*************************************************
cpc01sectu#61
cpc01vfl#1
0.000000 0.000000 0.000000
0.7409511254 -0.6715589548 0.0000000000 0.6715589548 0.7409511254 0.0000000000 -0.0000000000 0.0000000000 1.0000000000 
//*************************************************
cpc01sectu#62
cpc01vfl#1
0.000000 0.000000 0.000000
0.7326542717 -0.6806009978 0.0000000000 0.6806009978 0.7326542717 0.0000000000 -0.0000000000 0.0000000000 1.0000000000 
//*************************************************
cpc01sectu#63
cpc01vfl#1
0.000000 0.000000 0.000000
0.7242470829 -0.6895405447 0.0000000000 0.6895405447 0.7242470829 0.0000000000 -0.0000000000 0.0000000000 1.0000000000 
//*************************************************
cpc01sectu#64
cpc01vfl#1
0.000000 0.000000 0.000000
0.7157308253 -0.6983762494 0.0000000000 0.6983762494 0.7157308253 0.0000000000 -0.0000000000 0.0000000000 1.0000000000 
//*************************************************
cpc01sectu#65
cpc01vfl#1
0.000000 0.000000 0.000000
0.7071067812 -0.7071067812 0.0000000000 0.7071067812 0.7071067812 0.0000000000 -0.0000000000 0.0000000000 1.0000000000 
//*************************************************
cpc01sectu#66
cpc01vfl#1
0.000000 0.000000 0.000000
0.6983762494 -0.7157308253 0.0000000000 0.7157308253 0.6983762494 0.0000000000 -0.0000000000 0.0000000000 1.0000000000 
//*************************************************
cpc01sectu#67
cpc01vfl#1
0.000000 0.000000 0.000000
0.6895405447 -0.7242470830 0.0000000000 0.7242470830 0.6895405447 0.0000000000 -0.0000000000 0.0000000000 1.0000000000 
//*************************************************
cpc01sectu#68
cpc01vfl#1
0.000000 0.000000 0.000000
0.6806009978 -0.7326542717 0.0000000000 0.7326542717 0.6806009978 0.0000000000 -0.0000000000 0.0000000000 1.0000000000 
//*************************************************
cpc01sectu#69
cpc01vfl#1
0.000000 0.000000 0.000000
0.6715589548 -0.7409511254 0.0000000000 0.7409511254 0.6715589548 0.0000000000 -0.0000000000 0.0000000000 1.0000000000 
//*************************************************
cpc01sectu#70
cpc01vfl#1
0.000000 0.000000 0.000000
0.6624157776 -0.7491363945 0.0000000000 0.7491363945 0.6624157776 0.0000000000 -0.0000000000 0.0000000000 1.0000000000 
//*************************************************
cpc01sectu#71
cpc01vfl#1
0.000000 0.000000 0.000000
0.6531728430 -0.7572088465 0.0000000000 0.7572088465 0.6531728430 0.0000000000 -0.0000000000 0.0000000000 1.0000000000 
//*************************************************
cpc01sectu#72
cpc01vfl#1
0.000000 0.000000 0.000000
0.6438315429 -0.7651672656 0.0000000000 0.7651672656 0.6438315429 0.0000000000 -0.0000000000 0.0000000000 1.0000000000 
//*************************************************
cpc01sectu#73
cpc01vfl#1
0.000000 0.000000 0.000000
0.6343932842 -0.7730104534 0.0000000000 0.7730104534 0.6343932842 0.0000000000 -0.0000000000 0.0000000000 1.0000000000 
//*************************************************
cpc01sectu#74
cpc01vfl#1
0.000000 0.000000 0.000000
0.6248594881 -0.7807372286 0.0000000000 0.7807372286 0.6248594881 0.0000000000 -0.0000000000 0.0000000000 1.0000000000 
//*************************************************
cpc01sectu#75
cpc01vfl#1
0.000000 0.000000 0.000000
0.6152315906 -0.7883464276 0.0000000000 0.7883464276 0.6152315906 0.0000000000 -0.0000000000 0.0000000000 1.0000000000 
//*************************************************
cpc01sectu#76
cpc01vfl#1
0.000000 0.000000 0.000000
0.6055110414 -0.7958369046 0.0000000000 0.7958369046 0.6055110414 0.0000000000 -0.0000000000 0.0000000000 1.0000000000 
//*************************************************
cpc01sectu#77
cpc01vfl#1
0.000000 0.000000 0.000000
0.5956993045 -0.8032075315 0.0000000000 0.8032075315 0.5956993045 0.0000000000 -0.0000000000 0.0000000000 1.0000000000 
//*************************************************
cpc01sectu#78
cpc01vfl#1
0.000000 0.000000 0.000000
0.5857978575 -0.8104571983 0.0000000000 0.8104571983 0.5857978575 0.0000000000 -0.0000000000 0.0000000000 1.0000000000 
//*************************************************
cpc01sectu#79
cpc01vfl#1
0.000000 0.000000 0.000000
0.5758081914 -0.8175848132 0.0000000000 0.8175848132 0.5758081914 0.0000000000 -0.0000000000 0.0000000000 1.0000000000 
//*************************************************
cpc01sectu#80
cpc01vfl#1
0.000000 0.000000 0.000000
0.5657318108 -0.8245893028 0.0000000000 0.8245893028 0.5657318108 0.0000000000 -0.0000000000 0.0000000000 1.0000000000 
//*************************************************
cpc01sectu#81
cpc01vfl#1
0.000000 0.000000 0.000000
0.5555702330 -0.8314696123 0.0000000000 0.8314696123 0.5555702330 0.0000000000 -0.0000000000 0.0000000000 1.0000000000 
//*************************************************
cpc01sectu#82
cpc01vfl#1
0.000000 0.000000 0.000000
0.5453249884 -0.8382247056 0.0000000000 0.8382247056 0.5453249884 0.0000000000 -0.0000000000 0.0000000000 1.0000000000 
//*************************************************
cpc01sectu#83
cpc01vfl#1
0.000000 0.000000 0.000000
0.5349976199 -0.8448535653 0.0000000000 0.8448535653 0.5349976199 0.0000000000 -0.0000000000 0.0000000000 1.0000000000 
//*************************************************
cpc01sectu#84
cpc01vfl#1
0.000000 0.000000 0.000000
0.5245896827 -0.8513551931 0.0000000000 0.8513551931 0.5245896827 0.0000000000 -0.0000000000 0.0000000000 1.0000000000 
//*************************************************
cpc01sectu#85
cpc01vfl#1
0.000000 0.000000 0.000000
0.5141027442 -0.8577286100 0.0000000000 0.8577286100 0.5141027442 0.0000000000 -0.0000000000 0.0000000000 1.0000000000 
//*************************************************
cpc01sectu#86
cpc01vfl#1
0.000000 0.000000 0.000000
0.5035383837 -0.8639728561 0.0000000000 0.8639728561 0.5035383837 0.0000000000 -0.0000000000 0.0000000000 1.0000000000 
//*************************************************
cpc01sectu#87
cpc01vfl#1
0.000000 0.000000 0.000000
0.4928981922 -0.8700869911 0.0000000000 0.8700869911 0.4928981922 0.0000000000 -0.0000000000 0.0000000000 1.0000000000 
//*************************************************
cpc01sectu#88
cpc01vfl#1
0.000000 0.000000 0.000000
0.4821837721 -0.8760700942 0.0000000000 0.8760700942 0.4821837721 0.0000000000 -0.0000000000 0.0000000000 1.0000000000 
//*************************************************
cpc01sectu#89
cpc01vfl#1
0.000000 0.000000 0.000000
0.4713967368 -0.8819212644 0.0000000000 0.8819212644 0.4713967368 0.0000000000 -0.0000000000 0.0000000000 1.0000000000 
//*************************************************
cpc01sectu#90
cpc01vfl#1
0.000000 0.000000 0.000000
0.4605387110 -0.8876396204 0.0000000000 0.8876396204 0.4605387110 0.0000000000 -0.0000000000 0.0000000000 1.0000000000 
//*************************************************
cpc01sectu#91
cpc01vfl#1
0.000000 0.000000 0.000000
0.4496113297 -0.8932243012 0.0000000000 0.8932243012 0.4496113297 0.0000000000 -0.0000000000 0.0000000000 1.0000000000 
//*************************************************
cpc01sectu#92
cpc01vfl#1
0.000000 0.000000 0.000000
0.4386162385 -0.8986744657 0.0000000000 0.8986744657 0.4386162385 0.0000000000 -0.0000000000 0.0000000000 1.0000000000 
//*************************************************
cpc01sectu#93
cpc01vfl#1
0.000000 0.000000 0.000000
0.4275550934 -0.9039892931 0.0000000000 0.9039892931 0.4275550934 0.0000000000 -0.0000000000 0.0000000000 1.0000000000 
//*************************************************
cpc01sectu#94
cpc01vfl#1
0.000000 0.000000 0.000000
0.4164295601 -0.9091679831 0.0000000000 0.9091679831 0.4164295601 0.0000000000 -0.0000000000 0.0000000000 1.0000000000 
//*************************************************
cpc01sectu#95
cpc01vfl#1
0.000000 0.000000 0.000000
0.4052413140 -0.9142097557 0.0000000000 0.9142097557 0.4052413140 0.0000000000 -0.0000000000 0.0000000000 1.0000000000 
//*************************************************
cpc01sectu#96
cpc01vfl#1
0.000000 0.000000 0.000000
0.3939920401 -0.9191138517 0.0000000000 0.9191138517 0.3939920401 0.0000000000 -0.0000000000 0.0000000000 1.0000000000 
//*************************************************
cpc01sectu#97
cpc01vfl#1
0.000000 0.000000 0.000000
0.3826834324 -0.9238795325 0.0000000000 0.9238795325 0.3826834324 0.0000000000 -0.0000000000 0.0000000000 1.0000000000 
//*************************************************
cpc01sectu#98
cpc01vfl#1
0.000000 0.000000 0.000000
0.3713171939 -0.9285060805 0.0000000000 0.9285060805 0.3713171939 0.0000000000 -0.0000000000 0.0000000000 1.0000000000 
//*************************************************
cpc01sectu#99
cpc01vfl#1
0.000000 0.000000 0.000000
0.3598950365 -0.9329927988 0.0000000000 0.9329927988 0.3598950365 0.0000000000 -0.0000000000 0.0000000000 1.0000000000 
//*************************************************
cpc01sectu#100
cpc01vfl#1
0.000000 0.000000 0.000000
0.3484186802 -0.9373390119 0.0000000000 0.9373390119 0.3484186802 0.0000000000 -0.0000000000 0.0000000000 1.0000000000 
//*************************************************
cpc01sectu#101
cpc01vfl#1
0.000000 0.000000 0.000000
0.3368898534 -0.9415440652 0.0000000000 0.9415440652 0.3368898534 0.0000000000 -0.0000000000 0.0000000000 1.0000000000 
//*************************************************
cpc01sectu#102
cpc01vfl#1
0.000000 0.000000 0.000000
0.3253102922 -0.9456073254 0.0000000000 0.9456073254 0.3253102922 0.0000000000 -0.0000000000 0.0000000000 1.0000000000 
//*************************************************
cpc01sectu#103
cpc01vfl#1
0.000000 0.000000 0.000000
0.3136817404 -0.9495281806 0.0000000000 0.9495281806 0.3136817404 0.0000000000 -0.0000000000 0.0000000000 1.0000000000 
//*************************************************
cpc01sectu#104
cpc01vfl#1
0.000000 0.000000 0.000000
0.3020059493 -0.9533060404 0.0000000000 0.9533060404 0.3020059493 0.0000000000 -0.0000000000 0.0000000000 1.0000000000 
//*************************************************
cpc01sectu#105
cpc01vfl#1
0.000000 0.000000 0.000000
0.2902846773 -0.9569403357 0.0000000000 0.9569403357 0.2902846773 0.0000000000 -0.0000000000 0.0000000000 1.0000000000 
//*************************************************
cpc01sectu#106
cpc01vfl#1
0.000000 0.000000 0.000000
0.2785196894 -0.9604305194 0.0000000000 0.9604305194 0.2785196894 0.0000000000 -0.0000000000 0.0000000000 1.0000000000 
//*************************************************
cpc01sectu#107
cpc01vfl#1
0.000000 0.000000 0.000000
0.2667127575 -0.9637760658 0.0000000000 0.9637760658 0.2667127575 0.0000000000 -0.0000000000 0.0000000000 1.0000000000 
//*************************************************
cpc01sectu#108
cpc01vfl#1
0.000000 0.000000 0.000000
0.2548656596 -0.9669764710 0.0000000000 0.9669764710 0.2548656596 0.0000000000 -0.0000000000 0.0000000000 1.0000000000 
//*************************************************
cpc01sectu#109
cpc01vfl#1
0.000000 0.000000 0.000000
0.2429801799 -0.9700312532 0.0000000000 0.9700312532 0.2429801799 0.0000000000 -0.0000000000 0.0000000000 1.0000000000 
//*************************************************
cpc01sectu#110
cpc01vfl#1
0.000000 0.000000 0.000000
0.2310581083 -0.9729399522 0.0000000000 0.9729399522 0.2310581083 0.0000000000 -0.0000000000 0.0000000000 1.0000000000 
//*************************************************
cpc01sectu#111
cpc01vfl#1
0.000000 0.000000 0.000000
0.2191012402 -0.9757021300 0.0000000000 0.9757021300 0.2191012402 0.0000000000 -0.0000000000 0.0000000000 1.0000000000 
//*************************************************
cpc01sectu#112
cpc01vfl#1
0.000000 0.000000 0.000000
0.2071113762 -0.9783173707 0.0000000000 0.9783173707 0.2071113762 0.0000000000 -0.0000000000 0.0000000000 1.0000000000 
//*************************************************
cpc01sectu#113
cpc01vfl#1
0.000000 0.000000 0.000000
0.1950903220 -0.9807852804 0.0000000000 0.9807852804 0.1950903220 0.0000000000 -0.0000000000 0.0000000000 1.0000000000 
//*************************************************
cpc01sectu#114
cpc01vfl#1
0.000000 0.000000 0.000000
0.1830398880 -0.9831054874 0.0000000000 0.9831054874 0.1830398880 0.0000000000 -0.0000000000 0.0000000000 1.0000000000 
//*************************************************
cpc01sectu#115
cpc01vfl#1
0.000000 0.000000 0.000000
0.1709618888 -0.9852776424 0.0000000000 0.9852776424 0.1709618888 0.0000000000 -0.0000000000 0.0000000000 1.0000000000 
//*************************************************
cpc01sectu#116
cpc01vfl#1
0.000000 0.000000 0.000000
0.1588581433 -0.9873014182 0.0000000000 0.9873014182 0.1588581433 0.0000000000 -0.0000000000 0.0000000000 1.0000000000 
//*************************************************
cpc01sectu#117
cpc01vfl#1
0.000000 0.000000 0.000000
0.1467304745 -0.9891765100 0.0000000000 0.9891765100 0.1467304745 0.0000000000 -0.0000000000 0.0000000000 1.0000000000 
//*************************************************
cpc01sectu#118
cpc01vfl#1
0.000000 0.000000 0.000000
0.1345807085 -0.9909026354 0.0000000000 0.9909026354 0.1345807085 0.0000000000 -0.0000000000 0.0000000000 1.0000000000 
//*************************************************
cpc01sectu#119
cpc01vfl#1
0.000000 0.000000 0.000000
0.1224106752 -0.9924795346 0.0000000000 0.9924795346 0.1224106752 0.0000000000 -0.0000000000 0.0000000000 1.0000000000 
//*************************************************
cpc01sectu#120
cpc01vfl#1
0.000000 0.000000 0.000000
0.1102222073 -0.9939069700 0.0000000000 0.9939069700 0.1102222073 0.0000000000 -0.0000000000 0.0000000000 1.0000000000 
//*************************************************
cpc01sectu#121
cpc01vfl#1
0.000000 0.000000 0.000000
0.0980171403 -0.9951847267 0.0000000000 0.9951847267 0.0980171403 0.0000000000 -0.0000000000 0.0000000000 1.0000000000 
//*************************************************
cpc01sectu#122
cpc01vfl#1
0.000000 0.000000 0.000000
0.0857973123 -0.9963126122 0.0000000000 0.9963126122 0.0857973123 0.0000000000 -0.0000000000 0.0000000000 1.0000000000 
//*************************************************
cpc01sectu#123
cpc01vfl#1
0.000000 0.000000 0.000000
0.0735645636 -0.9972904567 0.0000000000 0.9972904567 0.0735645636 0.0000000000 -0.0000000000 0.0000000000 1.0000000000 
//*************************************************
cpc01sectu#124
cpc01vfl#1
0.000000 0.000000 0.000000
0.0613207363 -0.9981181129 0.0000000000 0.9981181129 0.0613207363 0.0000000000 -0.0000000000 0.0000000000 1.0000000000 
//*************************************************
cpc01sectu#125
cpc01vfl#1
0.000000 0.000000 0.000000
0.0490676743 -0.9987954562 0.0000000000 0.9987954562 0.0490676743 0.0000000000 -0.0000000000 0.0000000000 1.0000000000 
//*************************************************
cpc01sectu#126
cpc01vfl#1
0.000000 0.000000 0.000000
0.0368072229 -0.9993223846 0.0000000000 0.9993223846 0.0368072229 0.0000000000 -0.0000000000 0.0000000000 1.0000000000 
//*************************************************
cpc01sectu#127
cpc01vfl#1
0.000000 0.000000 0.000000
0.0245412285 -0.9996988187 0.0000000000 0.9996988187 0.0245412285 0.0000000000 -0.0000000000 0.0000000000 1.0000000000 
//*************************************************
cpc01sectu#128
cpc01vfl#1
0.000000 0.000000 0.000000
0.0122715383 -0.9999247018 0.0000000000 0.9999247018 0.0122715383 0.0000000000 -0.0000000000 0.0000000000 1.0000000000 
//*************************************************
cpc01sectu#129
cpc01vfl#1
0.000000 0.000000 0.000000
-0.0000000000 -1.0000000000 0.0000000000 1.0000000000 -0.0000000000 0.0000000000 0.0000000000 0.0000000000 1.0000000000 
//*************************************************
cpc01sectu#130
cpc01vfl#1
0.000000 0.000000 0.000000
-0.0122715383 -0.9999247018 0.0000000000 0.9999247018 -0.0122715383 0.0000000000 0.0000000000 0.0000000000 1.0000000000 
//*************************************************
cpc01sectu#131
cpc01vfl#1
0.000000 0.000000 0.000000
-0.0245412285 -0.9996988187 0.0000000000 0.9996988187 -0.0245412285 0.0000000000 0.0000000000 0.0000000000 1.0000000000 
//*************************************************
cpc01sectu#132
cpc01vfl#1
0.000000 0.000000 0.000000
-0.0368072229 -0.9993223846 0.0000000000 0.9993223846 -0.0368072229 0.0000000000 0.0000000000 0.0000000000 1.0000000000 
//*************************************************
cpc01sectu#133
cpc01vfl#1
0.000000 0.000000 0.000000
-0.0490676743 -0.9987954562 0.0000000000 0.9987954562 -0.0490676743 0.0000000000 0.0000000000 0.0000000000 1.0000000000 
//*************************************************
cpc01sectu#134
cpc01vfl#1
0.000000 0.000000 0.000000
-0.0613207363 -0.9981181129 0.0000000000 0.9981181129 -0.0613207363 0.0000000000 0.0000000000 0.0000000000 1.0000000000 
//*************************************************
cpc01sectu#135
cpc01vfl#1
0.000000 0.000000 0.000000
-0.0735645636 -0.9972904567 0.0000000000 0.9972904567 -0.0735645636 0.0000000000 0.0000000000 0.0000000000 1.0000000000 
//*************************************************
cpc01sectu#136
cpc01vfl#1
0.000000 0.000000 0.000000
-0.0857973123 -0.9963126122 0.0000000000 0.9963126122 -0.0857973123 0.0000000000 0.0000000000 0.0000000000 1.0000000000 
//*************************************************
cpc01sectu#137
cpc01vfl#1
0.000000 0.000000 0.000000
-0.0980171403 -0.9951847267 0.0000000000 0.9951847267 -0.0980171403 0.0000000000 0.0000000000 0.0000000000 1.0000000000 
//*************************************************
cpc01sectu#138
cpc01vfl#1
0.000000 0.000000 0.000000
-0.1102222073 -0.9939069700 0.0000000000 0.9939069700 -0.1102222073 0.0000000000 0.0000000000 0.0000000000 1.0000000000 
//*************************************************
cpc01sectu#139
cpc01vfl#1
0.000000 0.000000 0.000000
-0.1224106752 -0.9924795346 0.0000000000 0.9924795346 -0.1224106752 0.0000000000 0.0000000000 0.0000000000 1.0000000000 
//*************************************************
cpc01sectu#140
cpc01vfl#1
0.000000 0.000000 0.000000
-0.1345807085 -0.9909026354 0.0000000000 0.9909026354 -0.1345807085 0.0000000000 0.0000000000 0.0000000000 1.0000000000 
//*************************************************
cpc01sectu#141
cpc01vfl#1
0.000000 0.000000 0.000000
-0.1467304745 -0.9891765100 0.0000000000 0.9891765100 -0.1467304745 0.0000000000 0.0000000000 0.0000000000 1.0000000000 
//*************************************************
cpc01sectu#142
cpc01vfl#1
0.000000 0.000000 0.000000
-0.1588581433 -0.9873014182 0.0000000000 0.9873014182 -0.1588581433 0.0000000000 0.0000000000 0.0000000000 1.0000000000 
//*************************************************
cpc01sectu#143
cpc01vfl#1
0.000000 0.000000 0.000000
-0.1709618888 -0.9852776424 0.0000000000 0.9852776424 -0.1709618888 0.0000000000 0.0000000000 0.0000000000 1.0000000000 
//*************************************************
cpc01sectu#144
cpc01vfl#1
0.000000 0.000000 0.000000
-0.1830398880 -0.9831054874 0.0000000000 0.9831054874 -0.1830398880 0.0000000000 0.0000000000 0.0000000000 1.0000000000 
//*************************************************
cpc01sectu#145
cpc01vfl#1
0.000000 0.000000 0.000000
-0.1950903220 -0.9807852804 0.0000000000 0.9807852804 -0.1950903220 0.0000000000 0.0000000000 0.0000000000 1.0000000000 
//*************************************************
cpc01sectu#146
cpc01vfl#1
0.000000 0.000000 0.000000
-0.2071113762 -0.9783173707 0.0000000000 0.9783173707 -0.2071113762 0.0000000000 0.0000000000 0.0000000000 1.0000000000 
//*************************************************
cpc01sectu#147
cpc01vfl#1
0.000000 0.000000 0.000000
-0.2191012402 -0.9757021300 0.0000000000 0.9757021300 -0.2191012402 0.0000000000 0.0000000000 0.0000000000 1.0000000000 
//*************************************************
cpc01sectu#148
cpc01vfl#1
0.000000 0.000000 0.000000
-0.2310581083 -0.9729399522 0.0000000000 0.9729399522 -0.2310581083 0.0000000000 0.0000000000 0.0000000000 1.0000000000 
//*************************************************
cpc01sectu#149
cpc01vfl#1
0.000000 0.000000 0.000000
-0.2429801799 -0.9700312532 0.0000000000 0.9700312532 -0.2429801799 0.0000000000 0.0000000000 0.0000000000 1.0000000000 
//*************************************************
cpc01sectu#150
cpc01vfl#1
0.000000 0.000000 0.000000
-0.2548656596 -0.9669764710 0.0000000000 0.9669764710 -0.2548656596 0.0000000000 0.0000000000 0.0000000000 1.0000000000 
//*************************************************
cpc01sectu#151
cpc01vfl#1
0.000000 0.000000 0.000000
-0.2667127575 -0.9637760658 0.0000000000 0.9637760658 -0.2667127575 0.0000000000 0.0000000000 0.0000000000 1.0000000000 
//*************************************************
cpc01sectu#152
cpc01vfl#1
0.000000 0.000000 0.000000
-0.2785196894 -0.9604305194 0.0000000000 0.9604305194 -0.2785196894 0.0000000000 0.0000000000 0.0000000000 1.0000000000 
//*************************************************
cpc01sectu#153
cpc01vfl#1
0.000000 0.000000 0.000000
-0.2902846773 -0.9569403357 0.0000000000 0.9569403357 -0.2902846773 0.0000000000 0.0000000000 0.0000000000 1.0000000000 
//*************************************************
cpc01sectu#154
cpc01vfl#1
0.000000 0.000000 0.000000
-0.3020059493 -0.9533060404 0.0000000000 0.9533060404 -0.3020059493 0.0000000000 0.0000000000 0.0000000000 1.0000000000 
//*************************************************
cpc01sectu#155
cpc01vfl#1
0.000000 0.000000 0.000000
-0.3136817404 -0.9495281806 0.0000000000 0.9495281806 -0.3136817404 0.0000000000 0.0000000000 0.0000000000 1.0000000000 
//*************************************************
cpc01sectu#156
cpc01vfl#1
0.000000 0.000000 0.000000
-0.3253102922 -0.9456073254 0.0000000000 0.9456073254 -0.3253102922 0.0000000000 0.0000000000 0.0000000000 1.0000000000 
//*************************************************
cpc01sectu#157
cpc01vfl#1
0.000000 0.000000 0.000000
-0.3368898534 -0.9415440652 0.0000000000 0.9415440652 -0.3368898534 0.0000000000 0.0000000000 0.0000000000 1.0000000000 
//*************************************************
cpc01sectu#158
cpc01vfl#1
0.000000 0.000000 0.000000
-0.3484186803 -0.9373390119 0.0000000000 0.9373390119 -0.3484186803 0.0000000000 0.0000000000 0.0000000000 1.0000000000 
//*************************************************
cpc01sectu#159
cpc01vfl#1
0.000000 0.000000 0.000000
-0.3598950365 -0.9329927988 0.0000000000 0.9329927988 -0.3598950365 0.0000000000 0.0000000000 0.0000000000 1.0000000000 
//*************************************************
cpc01sectu#160
cpc01vfl#1
0.000000 0.000000 0.000000
-0.3713171940 -0.9285060805 0.0000000000 0.9285060805 -0.3713171940 0.0000000000 0.0000000000 0.0000000000 1.0000000000 
//*************************************************
cpc01sectu#161
cpc01vfl#1
0.000000 0.000000 0.000000
-0.3826834324 -0.9238795325 0.0000000000 0.9238795325 -0.3826834324 0.0000000000 0.0000000000 0.0000000000 1.0000000000 
//*************************************************
cpc01sectu#162
cpc01vfl#1
0.000000 0.000000 0.000000
-0.3939920401 -0.9191138517 0.0000000000 0.9191138517 -0.3939920401 0.0000000000 0.0000000000 0.0000000000 1.0000000000 
//*************************************************
cpc01sectu#163
cpc01vfl#1
0.000000 0.000000 0.000000
-0.4052413140 -0.9142097557 0.0000000000 0.9142097557 -0.4052413140 0.0000000000 0.0000000000 0.0000000000 1.0000000000 
//*************************************************
cpc01sectu#164
cpc01vfl#1
0.000000 0.000000 0.000000
-0.4164295601 -0.9091679831 0.0000000000 0.9091679831 -0.4164295601 0.0000000000 0.0000000000 0.0000000000 1.0000000000 
//*************************************************
