//*************************************************
emc1Chamber1#1
cave
TUBE
air
0.0000000000 0.0000000000 -2760.0000000000
1748.0000000000 2212.4000000000
0.0000000000 0.0000000000 2760.0000000000
0.000000 0.000000 0.000000
1.0000000000 0.0000000000 0.0000000000 0.0000000000 1.0000000000 0.0000000000 0.0000000000 0.0000000000 1.0000000000
//*************************************************
emc1ChH#1
emc1Chamber1#1
TUBE
air
0.0000000000 0.0000000000 -1380.0000000000
1748.0000000000 2212.4000000000
0.0000000000 0.0000000000 1380.0000000000
0.000000 0.000000 -1380.000000
1.0000000000 0.0000000000 0.0000000000 0.0000000000 1.0000000000 0.0000000000 0.0000000000 0.0000000000 1.0000000000
//*************************************************
emc1ChH#2
emc1Chamber1#1
0.000000 0.000000 1380.000000
-1.0000000000 0.0000000000 0.0000000000 0.0000000000 1.0000000000 0.0000000000 0.0000000000 0.0000000000 1.0000000000
//*************************************************
emc1Sector#1
emc1ChH#1
TUBS
air
0.0000000000 0.0000000000 -1380.0000000000
1748.0000000000 2212.4000000000
0.0000000000 0.0000000000 1380.0000000000
83.5714285714 96.4285714286
0.000000 0.000000 0.000000
1.0000000000 0.0000000000 0.0000000000 0.0000000000 1.0000000000 0.0000000000 0.0000000000 0.0000000000 1.0000000000
//*************************************************
emc1Sector#2
emc1ChH#1
0.000000 0.000000 0.000000
0.9749279022 -0.2225209326 0.0000000000 0.2225209326 0.9749279022 0.0000000000 0.0000000000 0.0000000000 1.0000000000
//*************************************************
emc1Sector#3
emc1ChH#1
0.000000 0.000000 0.000000
0.9009688497 -0.4338837266 0.0000000000 0.4338837266 0.9009688497 0.0000000000 0.0000000000 0.0000000000 1.0000000000
//*************************************************
emc1Sector#4
emc1ChH#1
0.000000 0.000000 0.000000
0.7818315029 -0.6234897971 0.0000000000 0.6234897971 0.7818315029 0.0000000000 0.0000000000 0.0000000000 1.0000000000
//*************************************************
emc1Sector#5
emc1ChH#1
0.000000 0.000000 0.000000
0.6234897971 -0.7818315029 0.0000000000 0.7818315029 0.6234897971 0.0000000000 0.0000000000 0.0000000000 1.0000000000
//*************************************************
emc1Sector#6
emc1ChH#1
0.000000 0.000000 0.000000
0.4338837266 -0.9009688497 0.0000000000 0.9009688497 0.4338837266 0.0000000000 0.0000000000 0.0000000000 1.0000000000
//*************************************************
emc1Sector#7
emc1ChH#1
0.000000 0.000000 0.000000
0.2225209326 -0.9749279022 0.0000000000 0.9749279022 0.2225209326 0.0000000000 0.0000000000 0.0000000000 1.0000000000
//*************************************************
emc1Sector#8
emc1ChH#1
0.000000 0.000000 0.000000
0.0000000000 -1.0000000000 0.0000000000 1.0000000000 0.0000000000 0.0000000000 0.0000000000 0.0000000000 1.0000000000
//*************************************************
emc1Sector#9
emc1ChH#1
0.000000 0.000000 0.000000
-0.2225209326 -0.9749279022 0.0000000000 0.9749279022 -0.2225209326 0.0000000000 0.0000000000 0.0000000000 1.0000000000
//*************************************************
emc1Sector#10
emc1ChH#1
0.000000 0.000000 0.000000
-0.4338837266 -0.9009688497 0.0000000000 0.9009688497 -0.4338837266 0.0000000000 0.0000000000 0.0000000000 1.0000000000
//*************************************************
emc1Sector#11
emc1ChH#1
0.000000 0.000000 0.000000
-0.6234897971 -0.7818315029 0.0000000000 0.7818315029 -0.6234897971 0.0000000000 0.0000000000 0.0000000000 1.0000000000
//*************************************************
emc1Sector#12
emc1ChH#1
0.000000 0.000000 0.000000
-0.7818315029 -0.6234897971 0.0000000000 0.6234897971 -0.7818315029 0.0000000000 0.0000000000 0.0000000000 1.0000000000
//*************************************************
emc1Sector#13
emc1ChH#1
0.000000 0.000000 0.000000
-0.9009688497 -0.4338837266 0.0000000000 0.4338837266 -0.9009688497 0.0000000000 0.0000000000 0.0000000000 1.0000000000
//*************************************************
emc1Sector#14
emc1ChH#1
0.000000 0.000000 0.000000
-0.9749279022 -0.2225209326 0.0000000000 0.2225209326 -0.9749279022 0.0000000000 0.0000000000 0.0000000000 1.0000000000
//*************************************************
emc1Sector#15
emc1ChH#1
0.000000 0.000000 0.000000
-1.0000000000 -0.0000000000 0.0000000000 0.0000000000 -1.0000000000 0.0000000000 0.0000000000 0.0000000000 1.0000000000
//*************************************************
emc1Sector#16
emc1ChH#1
0.000000 0.000000 0.000000
-0.9749279022 0.2225209326 0.0000000000 -0.2225209326 -0.9749279022 0.0000000000 0.0000000000 0.0000000000 1.0000000000
//*************************************************
emc1Sector#17
emc1ChH#1
0.000000 0.000000 0.000000
-0.9009688497 0.4338837266 0.0000000000 -0.4338837266 -0.9009688497 0.0000000000 0.0000000000 0.0000000000 1.0000000000
//*************************************************
emc1Sector#18
emc1ChH#1
0.000000 0.000000 0.000000
-0.7818315029 0.6234897971 0.0000000000 -0.6234897971 -0.7818315029 0.0000000000 0.0000000000 0.0000000000 1.0000000000
//*************************************************
emc1Sector#19
emc1ChH#1
0.000000 0.000000 0.000000
-0.6234897971 0.7818315029 0.0000000000 -0.7818315029 -0.6234897971 0.0000000000 0.0000000000 0.0000000000 1.0000000000
//*************************************************
emc1Sector#20
emc1ChH#1
0.000000 0.000000 0.000000
-0.4338837266 0.9009688497 0.0000000000 -0.9009688497 -0.4338837266 0.0000000000 0.0000000000 0.0000000000 1.0000000000
//*************************************************
emc1Sector#21
emc1ChH#1
0.000000 0.000000 0.000000
-0.2225209326 0.9749279022 0.0000000000 -0.9749279022 -0.2225209326 0.0000000000 0.0000000000 0.0000000000 1.0000000000
//*************************************************
emc1Sector#22
emc1ChH#1
0.000000 0.000000 0.000000
-0.0000000000 1.0000000000 0.0000000000 -1.0000000000 -0.0000000000 0.0000000000 0.0000000000 0.0000000000 1.0000000000
//*************************************************
emc1Sector#23
emc1ChH#1
0.000000 0.000000 0.000000
0.2225209326 0.9749279022 0.0000000000 -0.9749279022 0.2225209326 0.0000000000 0.0000000000 0.0000000000 1.0000000000
//*************************************************
emc1Sector#24
emc1ChH#1
0.000000 0.000000 0.000000
0.4338837266 0.9009688497 0.0000000000 -0.9009688497 0.4338837266 0.0000000000 0.0000000000 0.0000000000 1.0000000000
//*************************************************
emc1Sector#25
emc1ChH#1
0.000000 0.000000 0.000000
0.6234897971 0.7818315029 0.0000000000 -0.7818315029 0.6234897971 0.0000000000 0.0000000000 0.0000000000 1.0000000000
//*************************************************
emc1Sector#26
emc1ChH#1
0.000000 0.000000 0.000000
0.7818315029 0.6234897971 0.0000000000 -0.6234897971 0.7818315029 0.0000000000 0.0000000000 0.0000000000 1.0000000000
//*************************************************
emc1Sector#27
emc1ChH#1
0.000000 0.000000 0.000000
0.9009688497 0.4338837266 0.0000000000 -0.4338837266 0.9009688497 0.0000000000 0.0000000000 0.0000000000 1.0000000000
//*************************************************
emc1Sector#28
emc1ChH#1
0.000000 0.000000 0.000000
0.9749279022 0.2225209326 0.0000000000 -0.2225209326 0.9749279022 0.0000000000 0.0000000000 0.0000000000 1.0000000000
//*************************************************
emc1TubeSt#1
emc1Sector#1
TUBS
steel
0.0000000000 0.0000000000 -1380.0000000000
1758.0000000000 2212.4000000000
0.0000000000 0.0000000000 1380.0000000000
83.5714285714 83.5877242993
0.000000 0.000000 0.000000
1.0000000000 0.0000000000 0.0000000000 0.0000000000 1.0000000000 0.0000000000 0.0000000000 0.0000000000 1.0000000000
//*************************************************
emc1TubeSt#2
emc1Sector#1
0.000000 0.000000 0.000000
0.9984315634 -0.0559858605 0.0000000000 0.0559858605 0.9984315634 0.0000000000 0.0000000000 0.0000000000 1.0000000000
//*************************************************
emc1TubeSt#3
emc1Sector#1
0.000000 0.000000 0.000000
0.9937311411 -0.1117961034 0.0000000000 0.1117961034 0.9937311411 0.0000000000 0.0000000000 0.0000000000 1.0000000000
//*************************************************
emc1TubeSt#4
emc1Sector#1
0.000000 0.000000 0.000000
0.9859135747 -0.1672556549 0.0000000000 0.1672556549 0.9859135747 0.0000000000 0.0000000000 0.0000000000 1.0000000000
//*************************************************
emc1TubeSt#5
emc1Sector#1
0.000000 0.000000 0.000000
0.9750032425 -0.2221905440 0.0000000000 0.2221905440 0.9750032425 0.0000000000 0.0000000000 0.0000000000 1.0000000000
//*************************************************
emc1Tube#1
emc1Sector#1
TUBS
air
0.0000000000 0.0000000000 -60.0000000000
1748.0000000000 2212.4000000000
0.0000000000 0.0000000000 60.0000000000
83.5877242993 86.7808602556
0.000000 0.000000 -1320.000000
1.0000000000 0.0000000000 0.0000000000 0.0000000000 1.0000000000 0.0000000000 0.0000000000 0.0000000000 1.0000000000
//*************************************************
emc1Tube#2
emc1Sector#1
0.000000 0.000000 -1200.000000
1.0000000000 -0.0000000000 0.0000000000 0.0000000000 1.0000000000 0.0000000000 0.0000000000 0.0000000000 1.0000000000
//*************************************************
emc1Tube#3
emc1Sector#1
0.000000 0.000000 -1080.000000
1.0000000000 -0.0000000000 0.0000000000 0.0000000000 1.0000000000 0.0000000000 0.0000000000 0.0000000000 1.0000000000
//*************************************************
emc1Tube#4
emc1Sector#1
0.000000 0.000000 -960.000000
1.0000000000 -0.0000000000 0.0000000000 0.0000000000 1.0000000000 0.0000000000 0.0000000000 0.0000000000 1.0000000000
//*************************************************
emc1Tube#5
emc1Sector#1
0.000000 0.000000 -840.000000
1.0000000000 -0.0000000000 0.0000000000 0.0000000000 1.0000000000 0.0000000000 0.0000000000 0.0000000000 1.0000000000
//*************************************************
emc1Tube#6
emc1Sector#1
0.000000 0.000000 -720.000000
1.0000000000 -0.0000000000 0.0000000000 0.0000000000 1.0000000000 0.0000000000 0.0000000000 0.0000000000 1.0000000000
//*************************************************
emc1Tube#7
emc1Sector#1
0.000000 0.000000 -600.000000
1.0000000000 -0.0000000000 0.0000000000 0.0000000000 1.0000000000 0.0000000000 0.0000000000 0.0000000000 1.0000000000
//*************************************************
emc1Tube#8
emc1Sector#1
0.000000 0.000000 -480.000000
1.0000000000 -0.0000000000 0.0000000000 0.0000000000 1.0000000000 0.0000000000 0.0000000000 0.0000000000 1.0000000000
//*************************************************
emc1Tube#9
emc1Sector#1
0.000000 0.000000 -360.000000
1.0000000000 -0.0000000000 0.0000000000 0.0000000000 1.0000000000 0.0000000000 0.0000000000 0.0000000000 1.0000000000
//*************************************************
emc1Tube#10
emc1Sector#1
0.000000 0.000000 -240.000000
1.0000000000 -0.0000000000 0.0000000000 0.0000000000 1.0000000000 0.0000000000 0.0000000000 0.0000000000 1.0000000000
//*************************************************
emc1Tube#11
emc1Sector#1
0.000000 0.000000 -120.000000
1.0000000000 -0.0000000000 0.0000000000 0.0000000000 1.0000000000 0.0000000000 0.0000000000 0.0000000000 1.0000000000
//*************************************************
emc1Tube#12
emc1Sector#1
0.000000 0.000000 0.000000
1.0000000000 -0.0000000000 0.0000000000 0.0000000000 1.0000000000 0.0000000000 0.0000000000 0.0000000000 1.0000000000
//*************************************************
emc1Tube#13
emc1Sector#1
0.000000 0.000000 120.000000
1.0000000000 -0.0000000000 0.0000000000 0.0000000000 1.0000000000 0.0000000000 0.0000000000 0.0000000000 1.0000000000
//*************************************************
emc1Tube#14
emc1Sector#1
0.000000 0.000000 240.000000
1.0000000000 -0.0000000000 0.0000000000 0.0000000000 1.0000000000 0.0000000000 0.0000000000 0.0000000000 1.0000000000
//*************************************************
emc1Tube#15
emc1Sector#1
0.000000 0.000000 360.000000
1.0000000000 -0.0000000000 0.0000000000 0.0000000000 1.0000000000 0.0000000000 0.0000000000 0.0000000000 1.0000000000
//*************************************************
emc1Tube#16
emc1Sector#1
0.000000 0.000000 480.000000
1.0000000000 -0.0000000000 0.0000000000 0.0000000000 1.0000000000 0.0000000000 0.0000000000 0.0000000000 1.0000000000
//*************************************************
emc1Tube#17
emc1Sector#1
0.000000 0.000000 600.000000
1.0000000000 -0.0000000000 0.0000000000 0.0000000000 1.0000000000 0.0000000000 0.0000000000 0.0000000000 1.0000000000
//*************************************************
emc1Tube#18
emc1Sector#1
0.000000 0.000000 720.000000
1.0000000000 -0.0000000000 0.0000000000 0.0000000000 1.0000000000 0.0000000000 0.0000000000 0.0000000000 1.0000000000
//*************************************************
emc1Tube#19
emc1Sector#1
0.000000 0.000000 840.000000
1.0000000000 -0.0000000000 0.0000000000 0.0000000000 1.0000000000 0.0000000000 0.0000000000 0.0000000000 1.0000000000
//*************************************************
emc1Tube#20
emc1Sector#1
0.000000 0.000000 960.000000
1.0000000000 -0.0000000000 0.0000000000 0.0000000000 1.0000000000 0.0000000000 0.0000000000 0.0000000000 1.0000000000
//*************************************************
emc1Tube#21
emc1Sector#1
0.000000 0.000000 1080.000000
1.0000000000 -0.0000000000 0.0000000000 0.0000000000 1.0000000000 0.0000000000 0.0000000000 0.0000000000 1.0000000000
//*************************************************
emc1Tube#22
emc1Sector#1
0.000000 0.000000 1200.000000
1.0000000000 -0.0000000000 0.0000000000 0.0000000000 1.0000000000 0.0000000000 0.0000000000 0.0000000000 1.0000000000
//*************************************************
emc1Tube#23
emc1Sector#1
0.000000 0.000000 1320.000000
1.0000000000 -0.0000000000 0.0000000000 0.0000000000 1.0000000000 0.0000000000 0.0000000000 0.0000000000 1.0000000000
//*************************************************
emc1Tube#24
emc1Sector#1
0.000000 0.000000 -1320.000000
0.9984315634 -0.0559858605 0.0000000000 0.0559858605 0.9984315634 0.0000000000 0.0000000000 0.0000000000 1.0000000000
//*************************************************
emc1Tube#25
emc1Sector#1
0.000000 0.000000 -1200.000000
0.9984315634 -0.0559858605 0.0000000000 0.0559858605 0.9984315634 0.0000000000 0.0000000000 0.0000000000 1.0000000000
//*************************************************
emc1Tube#26
emc1Sector#1
0.000000 0.000000 -1080.000000
0.9984315634 -0.0559858605 0.0000000000 0.0559858605 0.9984315634 0.0000000000 0.0000000000 0.0000000000 1.0000000000
//*************************************************
emc1Tube#27
emc1Sector#1
0.000000 0.000000 -960.000000
0.9984315634 -0.0559858605 0.0000000000 0.0559858605 0.9984315634 0.0000000000 0.0000000000 0.0000000000 1.0000000000
//*************************************************
emc1Tube#28
emc1Sector#1
0.000000 0.000000 -840.000000
0.9984315634 -0.0559858605 0.0000000000 0.0559858605 0.9984315634 0.0000000000 0.0000000000 0.0000000000 1.0000000000
//*************************************************
emc1Tube#29
emc1Sector#1
0.000000 0.000000 -720.000000
0.9984315634 -0.0559858605 0.0000000000 0.0559858605 0.9984315634 0.0000000000 0.0000000000 0.0000000000 1.0000000000
//*************************************************
emc1Tube#30
emc1Sector#1
0.000000 0.000000 -600.000000
0.9984315634 -0.0559858605 0.0000000000 0.0559858605 0.9984315634 0.0000000000 0.0000000000 0.0000000000 1.0000000000
//*************************************************
emc1Tube#31
emc1Sector#1
0.000000 0.000000 -480.000000
0.9984315634 -0.0559858605 0.0000000000 0.0559858605 0.9984315634 0.0000000000 0.0000000000 0.0000000000 1.0000000000
//*************************************************
emc1Tube#32
emc1Sector#1
0.000000 0.000000 -360.000000
0.9984315634 -0.0559858605 0.0000000000 0.0559858605 0.9984315634 0.0000000000 0.0000000000 0.0000000000 1.0000000000
//*************************************************
emc1Tube#33
emc1Sector#1
0.000000 0.000000 -240.000000
0.9984315634 -0.0559858605 0.0000000000 0.0559858605 0.9984315634 0.0000000000 0.0000000000 0.0000000000 1.0000000000
//*************************************************
emc1Tube#34
emc1Sector#1
0.000000 0.000000 -120.000000
0.9984315634 -0.0559858605 0.0000000000 0.0559858605 0.9984315634 0.0000000000 0.0000000000 0.0000000000 1.0000000000
//*************************************************
emc1Tube#35
emc1Sector#1
0.000000 0.000000 0.000000
0.9984315634 -0.0559858605 0.0000000000 0.0559858605 0.9984315634 0.0000000000 0.0000000000 0.0000000000 1.0000000000
//*************************************************
emc1Tube#36
emc1Sector#1
0.000000 0.000000 120.000000
0.9984315634 -0.0559858605 0.0000000000 0.0559858605 0.9984315634 0.0000000000 0.0000000000 0.0000000000 1.0000000000
//*************************************************
emc1Tube#37
emc1Sector#1
0.000000 0.000000 240.000000
0.9984315634 -0.0559858605 0.0000000000 0.0559858605 0.9984315634 0.0000000000 0.0000000000 0.0000000000 1.0000000000
//*************************************************
emc1Tube#38
emc1Sector#1
0.000000 0.000000 360.000000
0.9984315634 -0.0559858605 0.0000000000 0.0559858605 0.9984315634 0.0000000000 0.0000000000 0.0000000000 1.0000000000
//*************************************************
emc1Tube#39
emc1Sector#1
0.000000 0.000000 480.000000
0.9984315634 -0.0559858605 0.0000000000 0.0559858605 0.9984315634 0.0000000000 0.0000000000 0.0000000000 1.0000000000
//*************************************************
emc1Tube#40
emc1Sector#1
0.000000 0.000000 600.000000
0.9984315634 -0.0559858605 0.0000000000 0.0559858605 0.9984315634 0.0000000000 0.0000000000 0.0000000000 1.0000000000
//*************************************************
emc1Tube#41
emc1Sector#1
0.000000 0.000000 720.000000
0.9984315634 -0.0559858605 0.0000000000 0.0559858605 0.9984315634 0.0000000000 0.0000000000 0.0000000000 1.0000000000
//*************************************************
emc1Tube#42
emc1Sector#1
0.000000 0.000000 840.000000
0.9984315634 -0.0559858605 0.0000000000 0.0559858605 0.9984315634 0.0000000000 0.0000000000 0.0000000000 1.0000000000
//*************************************************
emc1Tube#43
emc1Sector#1
0.000000 0.000000 960.000000
0.9984315634 -0.0559858605 0.0000000000 0.0559858605 0.9984315634 0.0000000000 0.0000000000 0.0000000000 1.0000000000
//*************************************************
emc1Tube#44
emc1Sector#1
0.000000 0.000000 1080.000000
0.9984315634 -0.0559858605 0.0000000000 0.0559858605 0.9984315634 0.0000000000 0.0000000000 0.0000000000 1.0000000000
//*************************************************
emc1Tube#45
emc1Sector#1
0.000000 0.000000 1200.000000
0.9984315634 -0.0559858605 0.0000000000 0.0559858605 0.9984315634 0.0000000000 0.0000000000 0.0000000000 1.0000000000
//*************************************************
emc1Tube#46
emc1Sector#1
0.000000 0.000000 1320.000000
0.9984315634 -0.0559858605 0.0000000000 0.0559858605 0.9984315634 0.0000000000 0.0000000000 0.0000000000 1.0000000000
//*************************************************
emc1Tube#47
emc1Sector#1
0.000000 0.000000 -1320.000000
0.9937311411 -0.1117961034 0.0000000000 0.1117961034 0.9937311411 0.0000000000 0.0000000000 0.0000000000 1.0000000000
//*************************************************
emc1Tube#48
emc1Sector#1
0.000000 0.000000 -1200.000000
0.9937311411 -0.1117961034 0.0000000000 0.1117961034 0.9937311411 0.0000000000 0.0000000000 0.0000000000 1.0000000000
//*************************************************
emc1Tube#49
emc1Sector#1
0.000000 0.000000 -1080.000000
0.9937311411 -0.1117961034 0.0000000000 0.1117961034 0.9937311411 0.0000000000 0.0000000000 0.0000000000 1.0000000000
//*************************************************
emc1Tube#50
emc1Sector#1
0.000000 0.000000 -960.000000
0.9937311411 -0.1117961034 0.0000000000 0.1117961034 0.9937311411 0.0000000000 0.0000000000 0.0000000000 1.0000000000
//*************************************************
emc1Tube#51
emc1Sector#1
0.000000 0.000000 -840.000000
0.9937311411 -0.1117961034 0.0000000000 0.1117961034 0.9937311411 0.0000000000 0.0000000000 0.0000000000 1.0000000000
//*************************************************
emc1Tube#52
emc1Sector#1
0.000000 0.000000 -720.000000
0.9937311411 -0.1117961034 0.0000000000 0.1117961034 0.9937311411 0.0000000000 0.0000000000 0.0000000000 1.0000000000
//*************************************************
emc1Tube#53
emc1Sector#1
0.000000 0.000000 -600.000000
0.9937311411 -0.1117961034 0.0000000000 0.1117961034 0.9937311411 0.0000000000 0.0000000000 0.0000000000 1.0000000000
//*************************************************
emc1Tube#54
emc1Sector#1
0.000000 0.000000 -480.000000
0.9937311411 -0.1117961034 0.0000000000 0.1117961034 0.9937311411 0.0000000000 0.0000000000 0.0000000000 1.0000000000
//*************************************************
emc1Tube#55
emc1Sector#1
0.000000 0.000000 -360.000000
0.9937311411 -0.1117961034 0.0000000000 0.1117961034 0.9937311411 0.0000000000 0.0000000000 0.0000000000 1.0000000000
//*************************************************
emc1Tube#56
emc1Sector#1
0.000000 0.000000 -240.000000
0.9937311411 -0.1117961034 0.0000000000 0.1117961034 0.9937311411 0.0000000000 0.0000000000 0.0000000000 1.0000000000
//*************************************************
emc1Tube#57
emc1Sector#1
0.000000 0.000000 -120.000000
0.9937311411 -0.1117961034 0.0000000000 0.1117961034 0.9937311411 0.0000000000 0.0000000000 0.0000000000 1.0000000000
//*************************************************
emc1Tube#58
emc1Sector#1
0.000000 0.000000 0.000000
0.9937311411 -0.1117961034 0.0000000000 0.1117961034 0.9937311411 0.0000000000 0.0000000000 0.0000000000 1.0000000000
//*************************************************
emc1Tube#59
emc1Sector#1
0.000000 0.000000 120.000000
0.9937311411 -0.1117961034 0.0000000000 0.1117961034 0.9937311411 0.0000000000 0.0000000000 0.0000000000 1.0000000000
//*************************************************
emc1Tube#60
emc1Sector#1
0.000000 0.000000 240.000000
0.9937311411 -0.1117961034 0.0000000000 0.1117961034 0.9937311411 0.0000000000 0.0000000000 0.0000000000 1.0000000000
//*************************************************
emc1Tube#61
emc1Sector#1
0.000000 0.000000 360.000000
0.9937311411 -0.1117961034 0.0000000000 0.1117961034 0.9937311411 0.0000000000 0.0000000000 0.0000000000 1.0000000000
//*************************************************
emc1Tube#62
emc1Sector#1
0.000000 0.000000 480.000000
0.9937311411 -0.1117961034 0.0000000000 0.1117961034 0.9937311411 0.0000000000 0.0000000000 0.0000000000 1.0000000000
//*************************************************
emc1Tube#63
emc1Sector#1
0.000000 0.000000 600.000000
0.9937311411 -0.1117961034 0.0000000000 0.1117961034 0.9937311411 0.0000000000 0.0000000000 0.0000000000 1.0000000000
//*************************************************
emc1Tube#64
emc1Sector#1
0.000000 0.000000 720.000000
0.9937311411 -0.1117961034 0.0000000000 0.1117961034 0.9937311411 0.0000000000 0.0000000000 0.0000000000 1.0000000000
//*************************************************
emc1Tube#65
emc1Sector#1
0.000000 0.000000 840.000000
0.9937311411 -0.1117961034 0.0000000000 0.1117961034 0.9937311411 0.0000000000 0.0000000000 0.0000000000 1.0000000000
//*************************************************
emc1Tube#66
emc1Sector#1
0.000000 0.000000 960.000000
0.9937311411 -0.1117961034 0.0000000000 0.1117961034 0.9937311411 0.0000000000 0.0000000000 0.0000000000 1.0000000000
//*************************************************
emc1Tube#67
emc1Sector#1
0.000000 0.000000 1080.000000
0.9937311411 -0.1117961034 0.0000000000 0.1117961034 0.9937311411 0.0000000000 0.0000000000 0.0000000000 1.0000000000
//*************************************************
emc1Tube#68
emc1Sector#1
0.000000 0.000000 1200.000000
0.9937311411 -0.1117961034 0.0000000000 0.1117961034 0.9937311411 0.0000000000 0.0000000000 0.0000000000 1.0000000000
//*************************************************
emc1Tube#69
emc1Sector#1
0.000000 0.000000 1320.000000
0.9937311411 -0.1117961034 0.0000000000 0.1117961034 0.9937311411 0.0000000000 0.0000000000 0.0000000000 1.0000000000
//*************************************************
emc1Tube#70
emc1Sector#1
0.000000 0.000000 -1320.000000
0.9859135747 -0.1672556549 0.0000000000 0.1672556549 0.9859135747 0.0000000000 0.0000000000 0.0000000000 1.0000000000
//*************************************************
emc1Tube#71
emc1Sector#1
0.000000 0.000000 -1200.000000
0.9859135747 -0.1672556549 0.0000000000 0.1672556549 0.9859135747 0.0000000000 0.0000000000 0.0000000000 1.0000000000
//*************************************************
emc1Tube#72
emc1Sector#1
0.000000 0.000000 -1080.000000
0.9859135747 -0.1672556549 0.0000000000 0.1672556549 0.9859135747 0.0000000000 0.0000000000 0.0000000000 1.0000000000
//*************************************************
emc1Tube#73
emc1Sector#1
0.000000 0.000000 -960.000000
0.9859135747 -0.1672556549 0.0000000000 0.1672556549 0.9859135747 0.0000000000 0.0000000000 0.0000000000 1.0000000000
//*************************************************
emc1Tube#74
emc1Sector#1
0.000000 0.000000 -840.000000
0.9859135747 -0.1672556549 0.0000000000 0.1672556549 0.9859135747 0.0000000000 0.0000000000 0.0000000000 1.0000000000
//*************************************************
emc1Tube#75
emc1Sector#1
0.000000 0.000000 -720.000000
0.9859135747 -0.1672556549 0.0000000000 0.1672556549 0.9859135747 0.0000000000 0.0000000000 0.0000000000 1.0000000000
//*************************************************
emc1Tube#76
emc1Sector#1
0.000000 0.000000 -600.000000
0.9859135747 -0.1672556549 0.0000000000 0.1672556549 0.9859135747 0.0000000000 0.0000000000 0.0000000000 1.0000000000
//*************************************************
emc1Tube#77
emc1Sector#1
0.000000 0.000000 -480.000000
0.9859135747 -0.1672556549 0.0000000000 0.1672556549 0.9859135747 0.0000000000 0.0000000000 0.0000000000 1.0000000000
//*************************************************
emc1Tube#78
emc1Sector#1
0.000000 0.000000 -360.000000
0.9859135747 -0.1672556549 0.0000000000 0.1672556549 0.9859135747 0.0000000000 0.0000000000 0.0000000000 1.0000000000
//*************************************************
emc1Tube#79
emc1Sector#1
0.000000 0.000000 -240.000000
0.9859135747 -0.1672556549 0.0000000000 0.1672556549 0.9859135747 0.0000000000 0.0000000000 0.0000000000 1.0000000000
//*************************************************
emc1Tube#80
emc1Sector#1
0.000000 0.000000 -120.000000
0.9859135747 -0.1672556549 0.0000000000 0.1672556549 0.9859135747 0.0000000000 0.0000000000 0.0000000000 1.0000000000
//*************************************************
emc1Tube#81
emc1Sector#1
0.000000 0.000000 0.000000
0.9859135747 -0.1672556549 0.0000000000 0.1672556549 0.9859135747 0.0000000000 0.0000000000 0.0000000000 1.0000000000
//*************************************************
emc1Tube#82
emc1Sector#1
0.000000 0.000000 120.000000
0.9859135747 -0.1672556549 0.0000000000 0.1672556549 0.9859135747 0.0000000000 0.0000000000 0.0000000000 1.0000000000
//*************************************************
emc1Tube#83
emc1Sector#1
0.000000 0.000000 240.000000
0.9859135747 -0.1672556549 0.0000000000 0.1672556549 0.9859135747 0.0000000000 0.0000000000 0.0000000000 1.0000000000
//*************************************************
emc1Tube#84
emc1Sector#1
0.000000 0.000000 360.000000
0.9859135747 -0.1672556549 0.0000000000 0.1672556549 0.9859135747 0.0000000000 0.0000000000 0.0000000000 1.0000000000
//*************************************************
emc1Tube#85
emc1Sector#1
0.000000 0.000000 480.000000
0.9859135747 -0.1672556549 0.0000000000 0.1672556549 0.9859135747 0.0000000000 0.0000000000 0.0000000000 1.0000000000
//*************************************************
emc1Tube#86
emc1Sector#1
0.000000 0.000000 600.000000
0.9859135747 -0.1672556549 0.0000000000 0.1672556549 0.9859135747 0.0000000000 0.0000000000 0.0000000000 1.0000000000
//*************************************************
emc1Tube#87
emc1Sector#1
0.000000 0.000000 720.000000
0.9859135747 -0.1672556549 0.0000000000 0.1672556549 0.9859135747 0.0000000000 0.0000000000 0.0000000000 1.0000000000
//*************************************************
emc1Tube#88
emc1Sector#1
0.000000 0.000000 840.000000
0.9859135747 -0.1672556549 0.0000000000 0.1672556549 0.9859135747 0.0000000000 0.0000000000 0.0000000000 1.0000000000
//*************************************************
emc1Tube#89
emc1Sector#1
0.000000 0.000000 960.000000
0.9859135747 -0.1672556549 0.0000000000 0.1672556549 0.9859135747 0.0000000000 0.0000000000 0.0000000000 1.0000000000
//*************************************************
emc1Tube#90
emc1Sector#1
0.000000 0.000000 1080.000000
0.9859135747 -0.1672556549 0.0000000000 0.1672556549 0.9859135747 0.0000000000 0.0000000000 0.0000000000 1.0000000000
//*************************************************
emc1Tube#91
emc1Sector#1
0.000000 0.000000 1200.000000
0.9859135747 -0.1672556549 0.0000000000 0.1672556549 0.9859135747 0.0000000000 0.0000000000 0.0000000000 1.0000000000
//*************************************************
emc1Tube#92
emc1Sector#1
0.000000 0.000000 1320.000000
0.9859135747 -0.1672556549 0.0000000000 0.1672556549 0.9859135747 0.0000000000 0.0000000000 0.0000000000 1.0000000000
//*************************************************
emc1ModulePad#1
emc1Tube#1
TRAP
polypropylene
49.0000000000 0.0000000000 -60.0000000000
49.0000000000 10.0000000000 -60.0000000000
-49.0000000000 10.0000000000 -60.0000000000
-49.0000000000 0.0000000000 -60.0000000000
49.0000000000 0.0000000000 60.0000000000
49.0000000000 10.0000000000 60.0000000000
-49.0000000000 10.0000000000 60.0000000000
-49.0000000000 0.0000000000 60.0000000000
147.415390 1748.000000 0.000000
0.9964627624 0.0840354338 0.0000000000 -0.0840354338 0.9964627624 0.0000000000 0.0000000000 0.0000000000 1.0000000000
//*************************************************
emc1Module#1
emc1Tube#1
TRAP
air
49.0000000000 0.0000000000 -60.0000000000
60.0000000000 397.8000000000 -60.0000000000
-60.0000000000 397.8000000000 -60.0000000000
-49.0000000000 0.0000000000 -60.0000000000
49.0000000000 0.0000000000 60.0000000000
60.0000000000 397.8000000000 60.0000000000
-60.0000000000 397.8000000000 60.0000000000
-49.0000000000 0.0000000000 60.0000000000
148.258728 1758.000000 0.000000
0.9964627624 0.0840354338 0.0000000000 -0.0840354338 0.9964627624 0.0000000000 0.0000000000 0.0000000000 1.0000000000
//*************************************************
emc1_box#1
emc1Module#1
TRAP
air
20.0000000000 0.0000000000 -20.0000000000
20.0000000000 397.8000000000 -20.0000000000
-20.0000000000 397.8000000000 -20.0000000000
-20.0000000000 0.0000000000 -20.0000000000
20.0000000000 0.0000000000 20.0000000000
20.0000000000 397.8000000000 20.0000000000
-20.0000000000 397.8000000000 20.0000000000
-20.0000000000 0.0000000000 20.0000000000
0.000000 0.000000 -40.000000
1.0000000000 0.0000000000 0.0000000000 0.0000000000 1.0000000000 0.0000000000 0.0000000000 0.0000000000 1.0000000000
//*************************************************
emc1_box#2
emc1Module#1
0.000000 0.000000 0.000000
1.0000000000 0.0000000000 0.0000000000 0.0000000000 1.0000000000 0.0000000000 0.0000000000 0.0000000000 1.0000000000
//*************************************************
emc1_box#3
emc1Module#1
0.000000 0.000000 40.000000
1.0000000000 0.0000000000 0.0000000000 0.0000000000 1.0000000000 0.0000000000 0.0000000000 0.0000000000 1.0000000000
//*************************************************
emc1_box_pb#1
emc1_box#1
TRAP
lead
20.0000000000 0.0000000000 -20.0000000000
20.0000000000 0.3000000000 -20.0000000000
-20.0000000000 0.3000000000 -20.0000000000
-20.0000000000 0.0000000000 -20.0000000000
20.0000000000 0.0000000000 20.0000000000
20.0000000000 0.3000000000 20.0000000000
-20.0000000000 0.3000000000 20.0000000000
-20.0000000000 0.0000000000 20.0000000000
0.000000 0.000000 0.000000
1.0000000000 0.0000000000 0.0000000000 0.0000000000 1.0000000000 0.0000000000 0.0000000000 0.0000000000 1.0000000000
//*************************************************
emc1_box_sc#1
emc1_box#1
TRAP
FscScint
20.0000000000 0.0000000000 -20.0000000000
20.0000000000 1.5000000000 -20.0000000000
-20.0000000000 1.5000000000 -20.0000000000
-20.0000000000 0.0000000000 -20.0000000000
20.0000000000 0.0000000000 20.0000000000
20.0000000000 1.5000000000 20.0000000000
-20.0000000000 1.5000000000 20.0000000000
-20.0000000000 0.0000000000 20.0000000000
0.000000 0.300000 0.000000
1.0000000000 0.0000000000 0.0000000000 0.0000000000 1.0000000000 0.0000000000 0.0000000000 0.0000000000 1.0000000000
//*************************************************
emc1_box_pb#2
emc1_box#1
0.000000 1.800000 0.000000
1.0000000000 0.0000000000 0.0000000000 0.0000000000 1.0000000000 0.0000000000 0.0000000000 0.0000000000 1.0000000000
//*************************************************
emc1_box_sc#2
emc1_box#1
0.000000 2.100000 0.000000
1.0000000000 0.0000000000 0.0000000000 0.0000000000 1.0000000000 0.0000000000 0.0000000000 0.0000000000 1.0000000000
//*************************************************
emc1_box_pb#3
emc1_box#1
0.000000 3.600000 0.000000
1.0000000000 0.0000000000 0.0000000000 0.0000000000 1.0000000000 0.0000000000 0.0000000000 0.0000000000 1.0000000000
//*************************************************
emc1_box_sc#3
emc1_box#1
0.000000 3.900000 0.000000
1.0000000000 0.0000000000 0.0000000000 0.0000000000 1.0000000000 0.0000000000 0.0000000000 0.0000000000 1.0000000000
//*************************************************
emc1_box_pb#4
emc1_box#1
0.000000 5.400000 0.000000
1.0000000000 0.0000000000 0.0000000000 0.0000000000 1.0000000000 0.0000000000 0.0000000000 0.0000000000 1.0000000000
//*************************************************
emc1_box_sc#4
emc1_box#1
0.000000 5.700000 0.000000
1.0000000000 0.0000000000 0.0000000000 0.0000000000 1.0000000000 0.0000000000 0.0000000000 0.0000000000 1.0000000000
//*************************************************
emc1_box_pb#5
emc1_box#1
0.000000 7.200000 0.000000
1.0000000000 0.0000000000 0.0000000000 0.0000000000 1.0000000000 0.0000000000 0.0000000000 0.0000000000 1.0000000000
//*************************************************
emc1_box_sc#5
emc1_box#1
0.000000 7.500000 0.000000
1.0000000000 0.0000000000 0.0000000000 0.0000000000 1.0000000000 0.0000000000 0.0000000000 0.0000000000 1.0000000000
//*************************************************
emc1_box_pb#6
emc1_box#1
0.000000 9.000000 0.000000
1.0000000000 0.0000000000 0.0000000000 0.0000000000 1.0000000000 0.0000000000 0.0000000000 0.0000000000 1.0000000000
//*************************************************
emc1_box_sc#6
emc1_box#1
0.000000 9.300000 0.000000
1.0000000000 0.0000000000 0.0000000000 0.0000000000 1.0000000000 0.0000000000 0.0000000000 0.0000000000 1.0000000000
//*************************************************
emc1_box_pb#7
emc1_box#1
0.000000 10.800000 0.000000
1.0000000000 0.0000000000 0.0000000000 0.0000000000 1.0000000000 0.0000000000 0.0000000000 0.0000000000 1.0000000000
//*************************************************
emc1_box_sc#7
emc1_box#1
0.000000 11.100000 0.000000
1.0000000000 0.0000000000 0.0000000000 0.0000000000 1.0000000000 0.0000000000 0.0000000000 0.0000000000 1.0000000000
//*************************************************
emc1_box_pb#8
emc1_box#1
0.000000 12.600000 0.000000
1.0000000000 0.0000000000 0.0000000000 0.0000000000 1.0000000000 0.0000000000 0.0000000000 0.0000000000 1.0000000000
//*************************************************
emc1_box_sc#8
emc1_box#1
0.000000 12.900000 0.000000
1.0000000000 0.0000000000 0.0000000000 0.0000000000 1.0000000000 0.0000000000 0.0000000000 0.0000000000 1.0000000000
//*************************************************
emc1_box_pb#9
emc1_box#1
0.000000 14.400000 0.000000
1.0000000000 0.0000000000 0.0000000000 0.0000000000 1.0000000000 0.0000000000 0.0000000000 0.0000000000 1.0000000000
//*************************************************
emc1_box_sc#9
emc1_box#1
0.000000 14.700000 0.000000
1.0000000000 0.0000000000 0.0000000000 0.0000000000 1.0000000000 0.0000000000 0.0000000000 0.0000000000 1.0000000000
//*************************************************
emc1_box_pb#10
emc1_box#1
0.000000 16.200001 0.000000
1.0000000000 0.0000000000 0.0000000000 0.0000000000 1.0000000000 0.0000000000 0.0000000000 0.0000000000 1.0000000000
//*************************************************
emc1_box_sc#10
emc1_box#1
0.000000 16.500001 0.000000
1.0000000000 0.0000000000 0.0000000000 0.0000000000 1.0000000000 0.0000000000 0.0000000000 0.0000000000 1.0000000000
//*************************************************
emc1_box_pb#11
emc1_box#1
0.000000 18.000000 0.000000
1.0000000000 0.0000000000 0.0000000000 0.0000000000 1.0000000000 0.0000000000 0.0000000000 0.0000000000 1.0000000000
//*************************************************
emc1_box_sc#11
emc1_box#1
0.000000 18.300000 0.000000
1.0000000000 0.0000000000 0.0000000000 0.0000000000 1.0000000000 0.0000000000 0.0000000000 0.0000000000 1.0000000000
//*************************************************
emc1_box_pb#12
emc1_box#1
0.000000 19.799999 0.000000
1.0000000000 0.0000000000 0.0000000000 0.0000000000 1.0000000000 0.0000000000 0.0000000000 0.0000000000 1.0000000000
//*************************************************
emc1_box_sc#12
emc1_box#1
0.000000 20.099999 0.000000
1.0000000000 0.0000000000 0.0000000000 0.0000000000 1.0000000000 0.0000000000 0.0000000000 0.0000000000 1.0000000000
//*************************************************
emc1_box_pb#13
emc1_box#1
0.000000 21.600000 0.000000
1.0000000000 0.0000000000 0.0000000000 0.0000000000 1.0000000000 0.0000000000 0.0000000000 0.0000000000 1.0000000000
//*************************************************
emc1_box_sc#13
emc1_box#1
0.000000 21.900000 0.000000
1.0000000000 0.0000000000 0.0000000000 0.0000000000 1.0000000000 0.0000000000 0.0000000000 0.0000000000 1.0000000000
//*************************************************
emc1_box_pb#14
emc1_box#1
0.000000 23.400000 0.000000
1.0000000000 0.0000000000 0.0000000000 0.0000000000 1.0000000000 0.0000000000 0.0000000000 0.0000000000 1.0000000000
//*************************************************
emc1_box_sc#14
emc1_box#1
0.000000 23.700000 0.000000
1.0000000000 0.0000000000 0.0000000000 0.0000000000 1.0000000000 0.0000000000 0.0000000000 0.0000000000 1.0000000000
//*************************************************
emc1_box_pb#15
emc1_box#1
0.000000 25.200001 0.000000
1.0000000000 0.0000000000 0.0000000000 0.0000000000 1.0000000000 0.0000000000 0.0000000000 0.0000000000 1.0000000000
//*************************************************
emc1_box_sc#15
emc1_box#1
0.000000 25.500001 0.000000
1.0000000000 0.0000000000 0.0000000000 0.0000000000 1.0000000000 0.0000000000 0.0000000000 0.0000000000 1.0000000000
//*************************************************
emc1_box_pb#16
emc1_box#1
0.000000 27.000000 0.000000
1.0000000000 0.0000000000 0.0000000000 0.0000000000 1.0000000000 0.0000000000 0.0000000000 0.0000000000 1.0000000000
//*************************************************
emc1_box_sc#16
emc1_box#1
0.000000 27.300000 0.000000
1.0000000000 0.0000000000 0.0000000000 0.0000000000 1.0000000000 0.0000000000 0.0000000000 0.0000000000 1.0000000000
//*************************************************
emc1_box_pb#17
emc1_box#1
0.000000 28.799999 0.000000
1.0000000000 0.0000000000 0.0000000000 0.0000000000 1.0000000000 0.0000000000 0.0000000000 0.0000000000 1.0000000000
//*************************************************
emc1_box_sc#17
emc1_box#1
0.000000 29.099999 0.000000
1.0000000000 0.0000000000 0.0000000000 0.0000000000 1.0000000000 0.0000000000 0.0000000000 0.0000000000 1.0000000000
//*************************************************
emc1_box_pb#18
emc1_box#1
0.000000 30.600000 0.000000
