//*************************************************
sts01
cave
TUBE
air
0.000000 0.000000 782.000000
32.000000 248.000000
0.000000 0.000000 -782.000000
0.000000 0.000000 0.000000
1.000000 0.000000 0.000000
 0.000000 1.000000 0.000000 0.000000 0.000000 1.000000
//*************************************************
sts01ladder1#1
sts01
BOX
air
15.050000 -0.500000 -470.050000
15.050000 0.500000 -470.050000
-15.050000 0.500000 -470.050000
-15.050000 -0.500000 -470.050000
15.050000 -0.500000 470.050000
15.050000 0.500000 470.050000
-15.050000 0.500000 470.050000
-15.050000 -0.500000 470.050000
0.000000 34.450000 0.000000
1.0000000000 -0.0000000000 -0.0000000000 0.0000000000 1.0000000000 -0.0000000000 0.0000000000 -0.0000000000 1.0000000000 
//*************************************************
sts01ladder1#2
sts01
-32.763897 10.645635 0.000000
0.3090169944 -0.9510565163 -0.0000000000 0.9510565163 0.3090169944 -0.0000000000 0.0000000000 -0.0000000000 1.0000000000 
//*************************************************
sts01ladder1#3
sts01
-20.249202 -27.870635 0.000000
-0.8090169944 -0.5877852523 0.0000000000 0.5877852523 -0.8090169944 -0.0000000000 0.0000000000 -0.0000000000 1.0000000000 
//*************************************************
sts01ladder1#4
sts01
20.249202 -27.870635 0.000000
-0.8090169944 0.5877852523 0.0000000000 -0.5877852523 -0.8090169944 0.0000000000 0.0000000000 -0.0000000000 1.0000000000 
//*************************************************
sts01ladder1#5
sts01
32.763897 10.645635 0.000000
0.3090169944 0.9510565163 -0.0000000000 -0.9510565163 0.3090169944 0.0000000000 0.0000000000 -0.0000000000 1.0000000000 
//*************************************************
sts01ladder1#6
sts01
-23.775913 32.724737 0.000000
0.8090169944 -0.5877852523 -0.0000000000 0.5877852523 0.8090169944 -0.0000000000 0.0000000000 -0.0000000000 1.0000000000 
//*************************************************
sts01ladder1#7
sts01
-38.470236 -12.499737 0.000000
-0.3090169944 -0.9510565163 0.0000000000 0.9510565163 -0.3090169944 -0.0000000000 0.0000000000 -0.0000000000 1.0000000000 
//*************************************************
sts01ladder1#8
sts01
-0.000000 -40.450000 0.000000
-1.0000000000 0.0000000000 0.0000000000 -0.0000000000 -1.0000000000 0.0000000000 0.0000000000 -0.0000000000 1.0000000000 
//*************************************************
sts01ladder1#9
sts01
38.470236 -12.499737 0.000000
-0.3090169943 0.9510565163 0.0000000000 -0.9510565163 -0.3090169943 0.0000000000 0.0000000000 -0.0000000000 1.0000000000 
//*************************************************
sts01ladder1#10
sts01
23.775913 32.724737 0.000000
0.8090169944 0.5877852523 -0.0000000000 -0.5877852523 0.8090169944 0.0000000000 0.0000000000 -0.0000000000 1.0000000000 
//*************************************************
sts01sector11#1
sts01ladder1#1
BOX
silicon
7.500000 -0.025000 -15.000000
7.500000 0.025000 -15.000000
-7.500000 0.025000 -15.000000
-7.500000 -0.025000 -15.000000
7.500000 -0.025000 15.000000
7.500000 0.025000 15.000000
-7.500000 0.025000 15.000000
-7.500000 -0.025000 15.000000
7.500000 0.000000 15.000000
1.000000 0.000000 0.000000
 0.000000 1.000000 0.000000 0.000000 0.000000 1.000000
//*************************************************
sts01sector11#2
sts01ladder1#1
7.500000 0.000000 45.100000
1.000000 0.000000 0.000000
 0.000000 1.000000 0.000000 0.000000 0.000000 1.000000
//*************************************************
sts01sector11#3
sts01ladder1#1
7.500000 0.000000 75.200000
1.000000 0.000000 0.000000
 0.000000 1.000000 0.000000 0.000000 0.000000 1.000000
//*************************************************
sts01sector11#4
sts01ladder1#1
7.500000 0.000000 105.300000
1.000000 0.000000 0.000000
 0.000000 1.000000 0.000000 0.000000 0.000000 1.000000
//*************************************************
sts01sector11#5
sts01ladder1#1
7.500000 0.000000 135.400000
1.000000 0.000000 0.000000
 0.000000 1.000000 0.000000 0.000000 0.000000 1.000000
//*************************************************
sts01sector11#6
sts01ladder1#1
7.500000 0.000000 165.500000
1.000000 0.000000 0.000000
 0.000000 1.000000 0.000000 0.000000 0.000000 1.000000
//*************************************************
sts01sector11#7
sts01ladder1#1
7.500000 0.000000 195.600000
1.000000 0.000000 0.000000
 0.000000 1.000000 0.000000 0.000000 0.000000 1.000000
//*************************************************
sts01sector11#8
sts01ladder1#1
7.500000 0.000000 225.700000
1.000000 0.000000 0.000000
 0.000000 1.000000 0.000000 0.000000 0.000000 1.000000
//*************************************************
sts01sector11#9
sts01ladder1#1
7.500000 0.000000 255.800000
1.000000 0.000000 0.000000
 0.000000 1.000000 0.000000 0.000000 0.000000 1.000000
//*************************************************
sts01sector11#10
sts01ladder1#1
7.500000 0.000000 285.900000
1.000000 0.000000 0.000000
 0.000000 1.000000 0.000000 0.000000 0.000000 1.000000
//*************************************************
sts01sector11#11
sts01ladder1#1
7.500000 0.000000 316.000000
1.000000 0.000000 0.000000
 0.000000 1.000000 0.000000 0.000000 0.000000 1.000000
//*************************************************
sts01sector11#12
sts01ladder1#1
7.500000 0.000000 346.100000
1.000000 0.000000 0.000000
 0.000000 1.000000 0.000000 0.000000 0.000000 1.000000
//*************************************************
sts01sector11#13
sts01ladder1#1
7.500000 0.000000 376.200000
1.000000 0.000000 0.000000
 0.000000 1.000000 0.000000 0.000000 0.000000 1.000000
//*************************************************
sts01sector11#14
sts01ladder1#1
7.500000 0.000000 406.300000
1.000000 0.000000 0.000000
 0.000000 1.000000 0.000000 0.000000 0.000000 1.000000
//*************************************************
sts01sector11#15
sts01ladder1#1
7.500000 0.000000 436.400000
1.000000 0.000000 0.000000
 0.000000 1.000000 0.000000 0.000000 0.000000 1.000000
//*************************************************
sts01sector11#16
sts01ladder1#1
7.500000 0.000000 -15.100000
1.000000 0.000000 0.000000
 0.000000 1.000000 0.000000 0.000000 0.000000 1.000000
//*************************************************
sts01sector11#17
sts01ladder1#1
7.500000 0.000000 -45.200000
1.000000 0.000000 0.000000
 0.000000 1.000000 0.000000 0.000000 0.000000 1.000000
//*************************************************
sts01sector11#18
sts01ladder1#1
7.500000 0.000000 -75.300000
1.000000 0.000000 0.000000
 0.000000 1.000000 0.000000 0.000000 0.000000 1.000000
//*************************************************
sts01sector11#19
sts01ladder1#1
7.500000 0.000000 -105.400000
1.000000 0.000000 0.000000
 0.000000 1.000000 0.000000 0.000000 0.000000 1.000000
//*************************************************
sts01sector11#20
sts01ladder1#1
7.500000 0.000000 -135.500000
1.000000 0.000000 0.000000
 0.000000 1.000000 0.000000 0.000000 0.000000 1.000000
//*************************************************
sts01sector11#21
sts01ladder1#1
7.500000 0.000000 -165.600000
1.000000 0.000000 0.000000
 0.000000 1.000000 0.000000 0.000000 0.000000 1.000000
//*************************************************
sts01sector11#22
sts01ladder1#1
7.500000 0.000000 -195.700000
1.000000 0.000000 0.000000
 0.000000 1.000000 0.000000 0.000000 0.000000 1.000000
//*************************************************
sts01sector11#23
sts01ladder1#1
7.500000 0.000000 -225.800000
1.000000 0.000000 0.000000
 0.000000 1.000000 0.000000 0.000000 0.000000 1.000000
//*************************************************
sts01sector11#24
sts01ladder1#1
7.500000 0.000000 -255.900000
1.000000 0.000000 0.000000
 0.000000 1.000000 0.000000 0.000000 0.000000 1.000000
//*************************************************
sts01sector11#25
sts01ladder1#1
7.500000 0.000000 -286.000000
1.000000 0.000000 0.000000
 0.000000 1.000000 0.000000 0.000000 0.000000 1.000000
//*************************************************
sts01sector11#26
sts01ladder1#1
7.500000 0.000000 -316.100000
1.000000 0.000000 0.000000
 0.000000 1.000000 0.000000 0.000000 0.000000 1.000000
//*************************************************
sts01sector11#27
sts01ladder1#1
7.500000 0.000000 -346.200000
1.000000 0.000000 0.000000
 0.000000 1.000000 0.000000 0.000000 0.000000 1.000000
//*************************************************
sts01sector11#28
sts01ladder1#1
7.500000 0.000000 -376.300000
1.000000 0.000000 0.000000
 0.000000 1.000000 0.000000 0.000000 0.000000 1.000000
//*************************************************
sts01sector11#29
sts01ladder1#1
7.500000 0.000000 -406.400000
1.000000 0.000000 0.000000
 0.000000 1.000000 0.000000 0.000000 0.000000 1.000000
//*************************************************
sts01sector11#30
sts01ladder1#1
7.500000 0.000000 -436.500000
1.000000 0.000000 0.000000
 0.000000 1.000000 0.000000 0.000000 0.000000 1.000000
//*************************************************
sts01sector11#31
sts01ladder1#1
-7.600000 0.000000 15.000000
1.000000 0.000000 0.000000
 0.000000 1.000000 0.000000 0.000000 0.000000 1.000000
//*************************************************
sts01sector11#32
sts01ladder1#1
-7.600000 0.000000 45.100000
1.000000 0.000000 0.000000
 0.000000 1.000000 0.000000 0.000000 0.000000 1.000000
//*************************************************
sts01sector11#33
sts01ladder1#1
-7.600000 0.000000 75.200000
1.000000 0.000000 0.000000
 0.000000 1.000000 0.000000 0.000000 0.000000 1.000000
//*************************************************
sts01sector11#34
sts01ladder1#1
-7.600000 0.000000 105.300000
1.000000 0.000000 0.000000
 0.000000 1.000000 0.000000 0.000000 0.000000 1.000000
//*************************************************
sts01sector11#35
sts01ladder1#1
-7.600000 0.000000 135.400000
1.000000 0.000000 0.000000
 0.000000 1.000000 0.000000 0.000000 0.000000 1.000000
//*************************************************
sts01sector11#36
sts01ladder1#1
-7.600000 0.000000 165.500000
1.000000 0.000000 0.000000
 0.000000 1.000000 0.000000 0.000000 0.000000 1.000000
//*************************************************
sts01sector11#37
sts01ladder1#1
-7.600000 0.000000 195.600000
1.000000 0.000000 0.000000
 0.000000 1.000000 0.000000 0.000000 0.000000 1.000000
//*************************************************
sts01sector11#38
sts01ladder1#1
-7.600000 0.000000 225.700000
1.000000 0.000000 0.000000
 0.000000 1.000000 0.000000 0.000000 0.000000 1.000000
//*************************************************
sts01sector11#39
sts01ladder1#1
-7.600000 0.000000 255.800000
1.000000 0.000000 0.000000
 0.000000 1.000000 0.000000 0.000000 0.000000 1.000000
//*************************************************
sts01sector11#40
sts01ladder1#1
-7.600000 0.000000 285.900000
1.000000 0.000000 0.000000
 0.000000 1.000000 0.000000 0.000000 0.000000 1.000000
//*************************************************
sts01sector11#41
sts01ladder1#1
-7.600000 0.000000 316.000000
1.000000 0.000000 0.000000
 0.000000 1.000000 0.000000 0.000000 0.000000 1.000000
//*************************************************
sts01sector11#42
sts01ladder1#1
-7.600000 0.000000 346.100000
1.000000 0.000000 0.000000
 0.000000 1.000000 0.000000 0.000000 0.000000 1.000000
//*************************************************
sts01sector11#43
sts01ladder1#1
-7.600000 0.000000 376.200000
1.000000 0.000000 0.000000
 0.000000 1.000000 0.000000 0.000000 0.000000 1.000000
//*************************************************
sts01sector11#44
sts01ladder1#1
-7.600000 0.000000 406.300000
1.000000 0.000000 0.000000
 0.000000 1.000000 0.000000 0.000000 0.000000 1.000000
//*************************************************
sts01sector11#45
sts01ladder1#1
-7.600000 0.000000 436.400000
1.000000 0.000000 0.000000
 0.000000 1.000000 0.000000 0.000000 0.000000 1.000000
//*************************************************
sts01sector11#46
sts01ladder1#1
-7.600000 0.000000 -15.100000
1.000000 0.000000 0.000000
 0.000000 1.000000 0.000000 0.000000 0.000000 1.000000
//*************************************************
sts01sector11#47
sts01ladder1#1
-7.600000 0.000000 -45.200000
1.000000 0.000000 0.000000
 0.000000 1.000000 0.000000 0.000000 0.000000 1.000000
//*************************************************
sts01sector11#48
sts01ladder1#1
-7.600000 0.000000 -75.300000
1.000000 0.000000 0.000000
 0.000000 1.000000 0.000000 0.000000 0.000000 1.000000
//*************************************************
sts01sector11#49
sts01ladder1#1
-7.600000 0.000000 -105.400000
1.000000 0.000000 0.000000
 0.000000 1.000000 0.000000 0.000000 0.000000 1.000000
//*************************************************
sts01sector11#50
sts01ladder1#1
-7.600000 0.000000 -135.500000
1.000000 0.000000 0.000000
 0.000000 1.000000 0.000000 0.000000 0.000000 1.000000
//*************************************************
sts01sector11#51
sts01ladder1#1
-7.600000 0.000000 -165.600000
1.000000 0.000000 0.000000
 0.000000 1.000000 0.000000 0.000000 0.000000 1.000000
//*************************************************
sts01sector11#52
sts01ladder1#1
-7.600000 0.000000 -195.700000
1.000000 0.000000 0.000000
 0.000000 1.000000 0.000000 0.000000 0.000000 1.000000
//*************************************************
sts01sector11#53
sts01ladder1#1
-7.600000 0.000000 -225.800000
1.000000 0.000000 0.000000
 0.000000 1.000000 0.000000 0.000000 0.000000 1.000000
//*************************************************
sts01sector11#54
sts01ladder1#1
-7.600000 0.000000 -255.900000
1.000000 0.000000 0.000000
 0.000000 1.000000 0.000000 0.000000 0.000000 1.000000
//*************************************************
sts01sector11#55
sts01ladder1#1
-7.600000 0.000000 -286.000000
1.000000 0.000000 0.000000
 0.000000 1.000000 0.000000 0.000000 0.000000 1.000000
//*************************************************
sts01sector11#56
sts01ladder1#1
-7.600000 0.000000 -316.100000
1.000000 0.000000 0.000000
 0.000000 1.000000 0.000000 0.000000 0.000000 1.000000
//*************************************************
sts01sector11#57
sts01ladder1#1
-7.600000 0.000000 -346.200000
1.000000 0.000000 0.000000
 0.000000 1.000000 0.000000 0.000000 0.000000 1.000000
//*************************************************
sts01sector11#58
sts01ladder1#1
-7.600000 0.000000 -376.300000
1.000000 0.000000 0.000000
 0.000000 1.000000 0.000000 0.000000 0.000000 1.000000
//*************************************************
sts01sector11#59
sts01ladder1#1
-7.600000 0.000000 -406.400000
1.000000 0.000000 0.000000
 0.000000 1.000000 0.000000 0.000000 0.000000 1.000000
//*************************************************
sts01sector11#60
sts01ladder1#1
-7.600000 0.000000 -436.500000
1.000000 0.000000 0.000000
 0.000000 1.000000 0.000000 0.000000 0.000000 1.000000
//*************************************************
sts01ladder2#1
sts01
BOX
air
15.050000 -0.500000 -470.050000
15.050000 0.500000 -470.050000
-15.050000 0.500000 -470.050000
-15.050000 -0.500000 -470.050000
15.050000 -0.500000 470.050000
15.050000 0.500000 470.050000
-15.050000 0.500000 470.050000
-15.050000 -0.500000 470.050000
0.000000 62.500000 0.000000
1.0000000000 -0.0000000000 -0.0000000000 0.0000000000 1.0000000000 -0.0000000000 0.0000000000 -0.0000000000 1.0000000000 
//*************************************************
sts01ladder2#2
sts01
-44.194174 44.194174 0.000000
0.7071067812 -0.7071067812 -0.0000000000 0.7071067812 0.7071067812 -0.0000000000 0.0000000000 -0.0000000000 1.0000000000 
//*************************************************
sts01ladder2#3
sts01
-62.500000 0.000000 0.000000
-0.0000000000 -1.0000000000 0.0000000000 1.0000000000 -0.0000000000 -0.0000000000 0.0000000000 -0.0000000000 1.0000000000 
//*************************************************
sts01ladder2#4
sts01
-44.194174 -44.194174 0.000000
-0.7071067812 -0.7071067812 0.0000000000 0.7071067812 -0.7071067812 -0.0000000000 0.0000000000 -0.0000000000 1.0000000000 
//*************************************************
sts01ladder2#5
sts01
-0.000000 -62.500000 0.000000
-1.0000000000 0.0000000000 0.0000000000 -0.0000000000 -1.0000000000 0.0000000000 0.0000000000 -0.0000000000 1.0000000000 
//*************************************************
sts01ladder2#6
sts01
44.194174 -44.194174 0.000000
-0.7071067812 0.7071067812 0.0000000000 -0.7071067812 -0.7071067812 0.0000000000 0.0000000000 -0.0000000000 1.0000000000 
//*************************************************
sts01ladder2#7
sts01
62.500000 -0.000000 0.000000
0.0000000000 1.0000000000 -0.0000000000 -1.0000000000 0.0000000000 0.0000000000 0.0000000000 -0.0000000000 1.0000000000 
//*************************************************
sts01ladder2#8
sts01
44.194174 44.194174 0.000000
0.7071067812 0.7071067812 -0.0000000000 -0.7071067812 0.7071067812 0.0000000000 0.0000000000 -0.0000000000 1.0000000000 
//*************************************************
sts01ladder2#9
sts01
-25.429314 61.391795 0.000000
0.9238795325 -0.3826834324 -0.0000000000 0.3826834324 0.9238795325 -0.0000000000 0.0000000000 -0.0000000000 1.0000000000 
//*************************************************
sts01ladder2#10
sts01
-61.391795 25.429314 0.000000
0.3826834323 -0.9238795325 -0.0000000000 0.9238795325 0.3826834323 -0.0000000000 0.0000000000 -0.0000000000 1.0000000000 
//*************************************************
sts01ladder2#11
sts01
-61.391795 -25.429314 0.000000
-0.3826834324 -0.9238795325 0.0000000000 0.9238795325 -0.3826834324 -0.0000000000 0.0000000000 -0.0000000000 1.0000000000 
//*************************************************
sts01ladder2#12
sts01
-25.429314 -61.391795 0.000000
-0.9238795325 -0.3826834323 0.0000000000 0.3826834323 -0.9238795325 -0.0000000000 0.0000000000 -0.0000000000 1.0000000000 
//*************************************************
sts01ladder2#13
sts01
25.429314 -61.391795 0.000000
-0.9238795325 0.3826834324 0.0000000000 -0.3826834324 -0.9238795325 0.0000000000 0.0000000000 -0.0000000000 1.0000000000 
//*************************************************
sts01ladder2#14
sts01
61.391795 -25.429314 0.000000
-0.3826834323 0.9238795325 0.0000000000 -0.9238795325 -0.3826834323 0.0000000000 0.0000000000 -0.0000000000 1.0000000000 
//*************************************************
sts01ladder2#15
sts01
61.391795 25.429314 0.000000
0.3826834324 0.9238795325 -0.0000000000 -0.9238795325 0.3826834324 0.0000000000 0.0000000000 -0.0000000000 1.0000000000 
//*************************************************
sts01ladder2#16
sts01
25.429314 61.391795 0.000000
0.9238795325 0.3826834323 -0.0000000000 -0.3826834323 0.9238795325 0.0000000000 0.0000000000 -0.0000000000 1.0000000000 
//*************************************************
sts01sector12#1
sts01ladder2#1
BOX
silicon
7.500000 -0.025000 -15.000000
7.500000 0.025000 -15.000000
-7.500000 0.025000 -15.000000
-7.500000 -0.025000 -15.000000
7.500000 -0.025000 15.000000
7.500000 0.025000 15.000000
-7.500000 0.025000 15.000000
-7.500000 -0.025000 15.000000
7.500000 0.000000 15.000000
1.000000 0.000000 0.000000
 0.000000 1.000000 0.000000 0.000000 0.000000 1.000000
//*************************************************
sts01sector12#2
sts01ladder2#1
7.500000 0.000000 45.100000
1.000000 0.000000 0.000000
 0.000000 1.000000 0.000000 0.000000 0.000000 1.000000
//*************************************************
sts01sector12#3
sts01ladder2#1
7.500000 0.000000 75.200000
1.000000 0.000000 0.000000
 0.000000 1.000000 0.000000 0.000000 0.000000 1.000000
//*************************************************
sts01sector12#4
sts01ladder2#1
7.500000 0.000000 105.300000
1.000000 0.000000 0.000000
 0.000000 1.000000 0.000000 0.000000 0.000000 1.000000
//*************************************************
sts01sector12#5
sts01ladder2#1
7.500000 0.000000 135.400000
1.000000 0.000000 0.000000
 0.000000 1.000000 0.000000 0.000000 0.000000 1.000000
//*************************************************
sts01sector12#6
sts01ladder2#1
7.500000 0.000000 165.500000
1.000000 0.000000 0.000000
 0.000000 1.000000 0.000000 0.000000 0.000000 1.000000
//*************************************************
sts01sector12#7
sts01ladder2#1
7.500000 0.000000 195.600000
1.000000 0.000000 0.000000
 0.000000 1.000000 0.000000 0.000000 0.000000 1.000000
//*************************************************
sts01sector12#8
sts01ladder2#1
7.500000 0.000000 225.700000
1.000000 0.000000 0.000000
 0.000000 1.000000 0.000000 0.000000 0.000000 1.000000
//*************************************************
sts01sector12#9
sts01ladder2#1
7.500000 0.000000 255.800000
1.000000 0.000000 0.000000
 0.000000 1.000000 0.000000 0.000000 0.000000 1.000000
//*************************************************
sts01sector12#10
sts01ladder2#1
7.500000 0.000000 285.900000
1.000000 0.000000 0.000000
 0.000000 1.000000 0.000000 0.000000 0.000000 1.000000
//*************************************************
sts01sector12#11
sts01ladder2#1
7.500000 0.000000 316.000000
1.000000 0.000000 0.000000
 0.000000 1.000000 0.000000 0.000000 0.000000 1.000000
//*************************************************
sts01sector12#12
sts01ladder2#1
7.500000 0.000000 346.100000
1.000000 0.000000 0.000000
 0.000000 1.000000 0.000000 0.000000 0.000000 1.000000
//*************************************************
sts01sector12#13
sts01ladder2#1
7.500000 0.000000 376.200000
1.000000 0.000000 0.000000
 0.000000 1.000000 0.000000 0.000000 0.000000 1.000000
//*************************************************
sts01sector12#14
sts01ladder2#1
7.500000 0.000000 406.300000
1.000000 0.000000 0.000000
 0.000000 1.000000 0.000000 0.000000 0.000000 1.000000
//*************************************************
sts01sector12#15
sts01ladder2#1
7.500000 0.000000 436.400000
1.000000 0.000000 0.000000
 0.000000 1.000000 0.000000 0.000000 0.000000 1.000000
//*************************************************
sts01sector12#16
sts01ladder2#1
7.500000 0.000000 -15.100000
1.000000 0.000000 0.000000
 0.000000 1.000000 0.000000 0.000000 0.000000 1.000000
//*************************************************
sts01sector12#17
sts01ladder2#1
7.500000 0.000000 -45.200000
1.000000 0.000000 0.000000
 0.000000 1.000000 0.000000 0.000000 0.000000 1.000000
//*************************************************
sts01sector12#18
sts01ladder2#1
7.500000 0.000000 -75.300000
1.000000 0.000000 0.000000
 0.000000 1.000000 0.000000 0.000000 0.000000 1.000000
//*************************************************
sts01sector12#19
sts01ladder2#1
7.500000 0.000000 -105.400000
1.000000 0.000000 0.000000
 0.000000 1.000000 0.000000 0.000000 0.000000 1.000000
//*************************************************
sts01sector12#20
sts01ladder2#1
7.500000 0.000000 -135.500000
1.000000 0.000000 0.000000
 0.000000 1.000000 0.000000 0.000000 0.000000 1.000000
//*************************************************
sts01sector12#21
sts01ladder2#1
7.500000 0.000000 -165.600000
1.000000 0.000000 0.000000
 0.000000 1.000000 0.000000 0.000000 0.000000 1.000000
//*************************************************
sts01sector12#22
sts01ladder2#1
7.500000 0.000000 -195.700000
1.000000 0.000000 0.000000
 0.000000 1.000000 0.000000 0.000000 0.000000 1.000000
//*************************************************
sts01sector12#23
sts01ladder2#1
7.500000 0.000000 -225.800000
1.000000 0.000000 0.000000
 0.000000 1.000000 0.000000 0.000000 0.000000 1.000000
//*************************************************
sts01sector12#24
sts01ladder2#1
7.500000 0.000000 -255.900000
1.000000 0.000000 0.000000
 0.000000 1.000000 0.000000 0.000000 0.000000 1.000000
//*************************************************
sts01sector12#25
sts01ladder2#1
7.500000 0.000000 -286.000000
1.000000 0.000000 0.000000
 0.000000 1.000000 0.000000 0.000000 0.000000 1.000000
//*************************************************
sts01sector12#26
sts01ladder2#1
7.500000 0.000000 -316.100000
1.000000 0.000000 0.000000
 0.000000 1.000000 0.000000 0.000000 0.000000 1.000000
//*************************************************
sts01sector12#27
sts01ladder2#1
7.500000 0.000000 -346.200000
1.000000 0.000000 0.000000
 0.000000 1.000000 0.000000 0.000000 0.000000 1.000000
//*************************************************
sts01sector12#28
sts01ladder2#1
7.500000 0.000000 -376.300000
1.000000 0.000000 0.000000
 0.000000 1.000000 0.000000 0.000000 0.000000 1.000000
//*************************************************
sts01sector12#29
sts01ladder2#1
7.500000 0.000000 -406.400000
1.000000 0.000000 0.000000
 0.000000 1.000000 0.000000 0.000000 0.000000 1.000000
//*************************************************
sts01sector12#30
sts01ladder2#1
7.500000 0.000000 -436.500000
1.000000 0.000000 0.000000
 0.000000 1.000000 0.000000 0.000000 0.000000 1.000000
//*************************************************
sts01sector12#31
sts01ladder2#1
-7.600000 0.000000 15.000000
1.000000 0.000000 0.000000
 0.000000 1.000000 0.000000 0.000000 0.000000 1.000000
//*************************************************
sts01sector12#32
sts01ladder2#1
-7.600000 0.000000 45.100000
1.000000 0.000000 0.000000
 0.000000 1.000000 0.000000 0.000000 0.000000 1.000000
//*************************************************
sts01sector12#33
sts01ladder2#1
-7.600000 0.000000 75.200000
1.000000 0.000000 0.000000
 0.000000 1.000000 0.000000 0.000000 0.000000 1.000000
//*************************************************
sts01sector12#34
sts01ladder2#1
-7.600000 0.000000 105.300000
1.000000 0.000000 0.000000
 0.000000 1.000000 0.000000 0.000000 0.000000 1.000000
//*************************************************
sts01sector12#35
sts01ladder2#1
-7.600000 0.000000 135.400000
1.000000 0.000000 0.000000
 0.000000 1.000000 0.000000 0.000000 0.000000 1.000000
//*************************************************
sts01sector12#36
sts01ladder2#1
-7.600000 0.000000 165.500000
1.000000 0.000000 0.000000
 0.000000 1.000000 0.000000 0.000000 0.000000 1.000000
//*************************************************
sts01sector12#37
sts01ladder2#1
-7.600000 0.000000 195.600000
1.000000 0.000000 0.000000
 0.000000 1.000000 0.000000 0.000000 0.000000 1.000000
//*************************************************
sts01sector12#38
sts01ladder2#1
-7.600000 0.000000 225.700000
1.000000 0.000000 0.000000
 0.000000 1.000000 0.000000 0.000000 0.000000 1.000000
//*************************************************
sts01sector12#39
sts01ladder2#1
-7.600000 0.000000 255.800000
1.000000 0.000000 0.000000
 0.000000 1.000000 0.000000 0.000000 0.000000 1.000000
//*************************************************
sts01sector12#40
sts01ladder2#1
-7.600000 0.000000 285.900000
1.000000 0.000000 0.000000
 0.000000 1.000000 0.000000 0.000000 0.000000 1.000000
//*************************************************
sts01sector12#41
sts01ladder2#1
-7.600000 0.000000 316.000000
1.000000 0.000000 0.000000
 0.000000 1.000000 0.000000 0.000000 0.000000 1.000000
//*************************************************
sts01sector12#42
sts01ladder2#1
-7.600000 0.000000 346.100000
1.000000 0.000000 0.000000
 0.000000 1.000000 0.000000 0.000000 0.000000 1.000000
//*************************************************
sts01sector12#43
sts01ladder2#1
-7.600000 0.000000 376.200000
1.000000 0.000000 0.000000
 0.000000 1.000000 0.000000 0.000000 0.000000 1.000000
//*************************************************
sts01sector12#44
sts01ladder2#1
-7.600000 0.000000 406.300000
1.000000 0.000000 0.000000
 0.000000 1.000000 0.000000 0.000000 0.000000 1.000000
//*************************************************
sts01sector12#45
sts01ladder2#1
-7.600000 0.000000 436.400000
1.000000 0.000000 0.000000
 0.000000 1.000000 0.000000 0.000000 0.000000 1.000000
//*************************************************
sts01sector12#46
sts01ladder2#1
-7.600000 0.000000 -15.100000
1.000000 0.000000 0.000000
 0.000000 1.000000 0.000000 0.000000 0.000000 1.000000
//*************************************************
sts01sector12#47
sts01ladder2#1
-7.600000 0.000000 -45.200000
1.000000 0.000000 0.000000
 0.000000 1.000000 0.000000 0.000000 0.000000 1.000000
//*************************************************
sts01sector12#48
sts01ladder2#1
-7.600000 0.000000 -75.300000
1.000000 0.000000 0.000000
 0.000000 1.000000 0.000000 0.000000 0.000000 1.000000
//*************************************************
sts01sector12#49
sts01ladder2#1
-7.600000 0.000000 -105.400000
1.000000 0.000000 0.000000
 0.000000 1.000000 0.000000 0.000000 0.000000 1.000000
//*************************************************
sts01sector12#50
sts01ladder2#1
-7.600000 0.000000 -135.500000
1.000000 0.000000 0.000000
 0.000000 1.000000 0.000000 0.000000 0.000000 1.000000
//*************************************************
sts01sector12#51
sts01ladder2#1
-7.600000 0.000000 -165.600000
1.000000 0.000000 0.000000
 0.000000 1.000000 0.000000 0.000000 0.000000 1.000000
//*************************************************
sts01sector12#52
sts01ladder2#1
-7.600000 0.000000 -195.700000
1.000000 0.000000 0.000000
 0.000000 1.000000 0.000000 0.000000 0.000000 1.000000
//*************************************************
sts01sector12#53
sts01ladder2#1
-7.600000 0.000000 -225.800000
1.000000 0.000000 0.000000
 0.000000 1.000000 0.000000 0.000000 0.000000 1.000000
//*************************************************
sts01sector12#54
sts01ladder2#1
-7.600000 0.000000 -255.900000
1.000000 0.000000 0.000000
 0.000000 1.000000 0.000000 0.000000 0.000000 1.000000
//*************************************************
sts01sector12#55
sts01ladder2#1
-7.600000 0.000000 -286.000000
1.000000 0.000000 0.000000
 0.000000 1.000000 0.000000 0.000000 0.000000 1.000000
//*************************************************
sts01sector12#56
sts01ladder2#1
-7.600000 0.000000 -316.100000
1.000000 0.000000 0.000000
 0.000000 1.000000 0.000000 0.000000 0.000000 1.000000
//*************************************************
sts01sector12#57
sts01ladder2#1
-7.600000 0.000000 -346.200000
1.000000 0.000000 0.000000
 0.000000 1.000000 0.000000 0.000000 0.000000 1.000000
//*************************************************
sts01sector12#58
sts01ladder2#1
-7.600000 0.000000 -376.300000
1.000000 0.000000 0.000000
 0.000000 1.000000 0.000000 0.000000 0.000000 1.000000
//*************************************************
sts01sector12#59
sts01ladder2#1
-7.600000 0.000000 -406.400000
1.000000 0.000000 0.000000
 0.000000 1.000000 0.000000 0.000000 0.000000 1.000000
//*************************************************
sts01sector12#60
sts01ladder2#1
-7.600000 0.000000 -436.500000
1.000000 0.000000 0.000000
 0.000000 1.000000 0.000000 0.000000 0.000000 1.000000
//*************************************************
sts01ladder3#1
sts01
BOX
air
15.050000 -0.500000 -470.050000
15.050000 0.500000 -470.050000
-15.050000 0.500000 -470.050000
-15.050000 -0.500000 -470.050000
15.050000 -0.500000 470.050000
15.050000 0.500000 470.050000
-15.050000 0.500000 470.050000
-15.050000 -0.500000 470.050000
-11.000000 88.450000 0.000000
1.0000000000 -0.0000000000 -0.0000000000 0.0000000000 1.0000000000 -0.0000000000 0.0000000000 -0.0000000000 1.0000000000 
//*************************************************
sts01ladder3#2
sts01
-57.073469 68.461826 0.000000
0.8412535328 -0.5406408175 -0.0000000000 0.5406408175 0.8412535328 -0.0000000000 0.0000000000 -0.0000000000 1.0000000000 
//*************************************************
sts01ladder3#3
sts01
-85.026515 26.737506 0.000000
0.4154150130 -0.9096319954 -0.0000000000 0.9096319954 0.4154150130 -0.0000000000 0.0000000000 -0.0000000000 1.0000000000 
//*************************************************
sts01ladder3#4
sts01
-85.984243 -23.475783 0.000000
-0.1423148383 -0.9898214419 0.0000000000 0.9898214419 -0.1423148383 -0.0000000000 0.0000000000 -0.0000000000 1.0000000000 
//*************************************************
sts01ladder3#5
sts01
-59.642582 -66.235677 0.000000
-0.6548607340 -0.7557495743 0.0000000000 0.7557495743 -0.6548607340 -0.0000000000 0.0000000000 -0.0000000000 1.0000000000 
//*************************************************
sts01ladder3#6
sts01
-14.364822 -87.966212 0.000000
-0.9594929736 -0.2817325568 0.0000000000 0.2817325568 -0.9594929736 -0.0000000000 0.0000000000 -0.0000000000 1.0000000000 
//*************************************************
sts01ladder3#7
sts01
35.473667 -81.768095 0.000000
-0.9594929736 0.2817325569 0.0000000000 -0.2817325569 -0.9594929736 0.0000000000 0.0000000000 -0.0000000000 1.0000000000 
//*************************************************
sts01ladder3#8
sts01
74.049518 -49.609187 0.000000
-0.6548607339 0.7557495744 0.0000000000 -0.7557495744 -0.6548607339 0.0000000000 0.0000000000 -0.0000000000 1.0000000000 
//*************************************************
sts01ladder3#9
sts01
89.115170 -1.699712 0.000000
-0.1423148382 0.9898214419 0.0000000000 -0.9898214419 -0.1423148382 0.0000000000 0.0000000000 -0.0000000000 1.0000000000 
//*************************************************
sts01ladder3#10
sts01
75.887385 46.749410 0.000000
0.4154150130 0.9096319953 -0.0000000000 -0.9096319953 0.4154150130 0.0000000000 0.0000000000 -0.0000000000 1.0000000000 
//*************************************************
sts01ladder3#11
sts01
38.565891 80.355924 0.000000
0.8412535329 0.5406408174 -0.0000000000 -0.5406408174 0.8412535329 0.0000000000 0.0000000000 -0.0000000000 1.0000000000 
//*************************************************
sts01ladder3#12
sts01
15.000000 92.450000 0.000000
1.0000000000 -0.0000000000 -0.0000000000 0.0000000000 1.0000000000 -0.0000000000 0.0000000000 -0.0000000000 1.0000000000 
//*************************************************
sts01ladder3#13
sts01
-37.363441 85.883501 0.000000
0.8412535328 -0.5406408175 -0.0000000000 0.5406408175 0.8412535328 -0.0000000000 0.0000000000 -0.0000000000 1.0000000000 
//*************************************************
sts01ladder3#14
sts01
-77.864253 52.049598 0.000000
0.4154150130 -0.9096319954 -0.0000000000 0.9096319954 0.4154150130 -0.0000000000 0.0000000000 -0.0000000000 1.0000000000 
//*************************************************
sts01ladder3#15
sts01
-93.643715 1.690315 0.000000
-0.1423148383 -0.9898214419 0.0000000000 0.9898214419 -0.1423148383 -0.0000000000 0.0000000000 -0.0000000000 1.0000000000 
//*************************************************
sts01ladder3#16
sts01
-79.691959 -49.205631 0.000000
-0.6548607340 -0.7557495743 0.0000000000 0.7557495743 -0.6548607340 -0.0000000000 0.0000000000 -0.0000000000 1.0000000000 
//*************************************************
sts01ladder3#17
sts01
-40.438569 -84.479137 0.000000
-0.9594929736 -0.2817325568 0.0000000000 0.2817325568 -0.9594929736 -0.0000000000 0.0000000000 -0.0000000000 1.0000000000 
//*************************************************
sts01ladder3#18
sts01
11.653780 -92.931114 0.000000
-0.9594929736 0.2817325569 0.0000000000 -0.2817325569 -0.9594929736 0.0000000000 0.0000000000 -0.0000000000 1.0000000000 
//*************************************************
sts01ladder3#19
sts01
60.046137 -71.878118 0.000000
-0.6548607339 0.7557495744 0.0000000000 -0.7557495744 -0.6548607339 0.0000000000 0.0000000000 -0.0000000000 1.0000000000 
//*************************************************
sts01ladder3#20
sts01
89.374270 -28.004328 0.000000
-0.1423148382 0.9898214419 0.0000000000 -0.9898214419 -0.1423148382 0.0000000000 0.0000000000 -0.0000000000 1.0000000000 
//*************************************************
sts01ladder3#21
sts01
90.326703 24.760638 0.000000
0.4154150130 0.9096319953 -0.0000000000 -0.9096319953 0.4154150130 0.0000000000 0.0000000000 -0.0000000000 1.0000000000 
//*************************************************
sts01ladder3#22
sts01
62.601047 69.664277 0.000000
0.8412535329 0.5406408174 -0.0000000000 -0.5406408174 0.8412535329 0.0000000000 0.0000000000 -0.0000000000 1.0000000000 
//*************************************************
sts01sector13#1
sts01ladder3#1
BOX
silicon
7.500000 -0.025000 -15.000000
7.500000 0.025000 -15.000000
-7.500000 0.025000 -15.000000
-7.500000 -0.025000 -15.000000
7.500000 -0.025000 15.000000
7.500000 0.025000 15.000000
-7.500000 0.025000 15.000000
-7.500000 -0.025000 15.000000
7.500000 0.000000 0.000000
1.000000 0.000000 0.000000
 0.000000 1.000000 0.000000 0.000000 0.000000 1.000000
//*************************************************
sts01sector13#2
sts01ladder3#1
7.500000 0.000000 30.100000
1.000000 0.000000 0.000000
 0.000000 1.000000 0.000000 0.000000 0.000000 1.000000
//*************************************************
sts01sector13#3
sts01ladder3#1
7.500000 0.000000 60.200000
1.000000 0.000000 0.000000
 0.000000 1.000000 0.000000 0.000000 0.000000 1.000000
//*************************************************
sts01sector13#4
sts01ladder3#1
7.500000 0.000000 90.300000
1.000000 0.000000 0.000000
 0.000000 1.000000 0.000000 0.000000 0.000000 1.000000
//*************************************************
sts01sector13#5
sts01ladder3#1
7.500000 0.000000 120.400000
1.000000 0.000000 0.000000
 0.000000 1.000000 0.000000 0.000000 0.000000 1.000000
//*************************************************
sts01sector13#6
sts01ladder3#1
7.500000 0.000000 150.500000
1.000000 0.000000 0.000000
 0.000000 1.000000 0.000000 0.000000 0.000000 1.000000
//*************************************************
sts01sector13#7
sts01ladder3#1
7.500000 0.000000 180.600000
1.000000 0.000000 0.000000
 0.000000 1.000000 0.000000 0.000000 0.000000 1.000000
//*************************************************
sts01sector13#8
sts01ladder3#1
7.500000 0.000000 210.700000
1.000000 0.000000 0.000000
 0.000000 1.000000 0.000000 0.000000 0.000000 1.000000
//*************************************************
sts01sector13#9
sts01ladder3#1
7.500000 0.000000 240.800000
1.000000 0.000000 0.000000
 0.000000 1.000000 0.000000 0.000000 0.000000 1.000000
//*************************************************
sts01sector13#10
sts01ladder3#1
7.500000 0.000000 270.900000
1.000000 0.000000 0.000000
 0.000000 1.000000 0.000000 0.000000 0.000000 1.000000
//*************************************************
sts01sector13#11
sts01ladder3#1
7.500000 0.000000 301.000000
1.000000 0.000000 0.000000
 0.000000 1.000000 0.000000 0.000000 0.000000 1.000000
//*************************************************
sts01sector13#12
sts01ladder3#1
7.500000 0.000000 331.100000
1.000000 0.000000 0.000000
 0.000000 1.000000 0.000000 0.000000 0.000000 1.000000
//*************************************************
sts01sector13#13
sts01ladder3#1
7.500000 0.000000 361.200000
1.000000 0.000000 0.000000
 0.000000 1.000000 0.000000 0.000000 0.000000 1.000000
//*************************************************
sts01sector13#14
sts01ladder3#1
7.500000 0.000000 391.300000
1.000000 0.000000 0.000000
 0.000000 1.000000 0.000000 0.000000 0.000000 1.000000
//*************************************************
sts01sector13#15
sts01ladder3#1
7.500000 0.000000 421.400000
1.000000 0.000000 0.000000
 0.000000 1.000000 0.000000 0.000000 0.000000 1.000000
//*************************************************
sts01sector13#16
sts01ladder3#1
7.500000 0.000000 451.500000
1.000000 0.000000 0.000000
 0.000000 1.000000 0.000000 0.000000 0.000000 1.000000
//*************************************************
sts01sector13#17
sts01ladder3#1
7.500000 0.000000 -30.100000
1.000000 0.000000 0.000000
 0.000000 1.000000 0.000000 0.000000 0.000000 1.000000
//*************************************************
sts01sector13#18
sts01ladder3#1
7.500000 0.000000 -60.200000
1.000000 0.000000 0.000000
 0.000000 1.000000 0.000000 0.000000 0.000000 1.000000
//*************************************************
sts01sector13#19
sts01ladder3#1
7.500000 0.000000 -90.300000
1.000000 0.000000 0.000000
 0.000000 1.000000 0.000000 0.000000 0.000000 1.000000
//*************************************************
sts01sector13#20
sts01ladder3#1
7.500000 0.000000 -120.400000
1.000000 0.000000 0.000000
 0.000000 1.000000 0.000000 0.000000 0.000000 1.000000
