//*************************************************
sts01
cave
TUBE
air
0.000000 0.000000 782.000000
19.000000 248.000000
0.000000 0.000000 -782.000000
0. 0. 0.
1. 0. 0. 0. 1. 0. 0. 0. 1.
//*************************************************
sts01ladder1#1
sts01
BOX
air
7.600000 -0.500000 -375.100000
7.600000 0.500000 -375.100000
-7.600000 0.500000 -375.100000
-7.600000 -0.500000 -375.100000
7.600000 -0.500000 375.100000
7.600000 0.500000 375.100000
-7.600000 0.500000 375.100000
-7.600000 -0.500000 375.100000
0.000000 23.474987 0.000000
0.9540038739 -0.2997942772 -0.0000000000 0.2997942772 0.9540038739 -0.0000000000 0.0000000000 -0.0000000000 1.0000000000 
//*************************************************
sts01ladder1#2
sts01
-11.737493 20.329935 0.000000
0.6762944515 -0.7366313969 -0.0000000000 0.7366313969 0.6762944515 -0.0000000000 0.0000000000 -0.0000000000 1.0000000000 
//*************************************************
sts01ladder1#3
sts01
-20.329935 11.737493 0.000000
0.2173724769 -0.9760887287 -0.0000000000 0.9760887287 0.2173724769 -0.0000000000 0.0000000000 -0.0000000000 1.0000000000 
//*************************************************
sts01ladder1#4
sts01
-23.474987 0.000000 0.000000
-0.2997942772 -0.9540038739 0.0000000000 0.9540038739 -0.2997942772 -0.0000000000 0.0000000000 -0.0000000000 1.0000000000 
//*************************************************
sts01ladder1#5
sts01
-20.329935 -11.737493 0.000000
-0.7366313969 -0.6762944515 0.0000000000 0.6762944515 -0.7366313969 -0.0000000000 0.0000000000 -0.0000000000 1.0000000000 
//*************************************************
sts01ladder1#6
sts01
-11.737493 -20.329935 0.000000
-0.9760887287 -0.2173724769 0.0000000000 0.2173724769 -0.9760887287 -0.0000000000 0.0000000000 -0.0000000000 1.0000000000 
//*************************************************
sts01ladder1#7
sts01
-0.000000 -23.474987 0.000000
-0.9540038739 0.2997942772 0.0000000000 -0.2997942772 -0.9540038739 0.0000000000 0.0000000000 -0.0000000000 1.0000000000 
//*************************************************
sts01ladder1#8
sts01
11.737493 -20.329935 0.000000
-0.6762944514 0.7366313969 0.0000000000 -0.7366313969 -0.6762944514 0.0000000000 0.0000000000 -0.0000000000 1.0000000000 
//*************************************************
sts01ladder1#9
sts01
20.329935 -11.737493 0.000000
-0.2173724769 0.9760887287 0.0000000000 -0.9760887287 -0.2173724769 0.0000000000 0.0000000000 -0.0000000000 1.0000000000 
//*************************************************
sts01ladder1#10
sts01
23.474987 -0.000000 0.000000
0.2997942772 0.9540038739 -0.0000000000 -0.9540038739 0.2997942772 0.0000000000 0.0000000000 -0.0000000000 1.0000000000 
//*************************************************
sts01ladder1#11
sts01
20.329935 11.737493 0.000000
0.7366313969 0.6762944514 -0.0000000000 -0.6762944514 0.7366313969 0.0000000000 0.0000000000 -0.0000000000 1.0000000000 
//*************************************************
sts01ladder1#12
sts01
11.737493 20.329935 0.000000
0.9760887287 0.2173724769 -0.0000000000 -0.2173724769 0.9760887287 0.0000000000 0.0000000000 -0.0000000000 1.0000000000 
//*************************************************
sts01sector11#1
sts01ladder1#1
BOX
air
7.500000 -0.025000 -15.000000
7.500000 0.025000 -15.000000
-7.500000 0.025000 -15.000000
-7.500000 -0.025000 -15.000000
7.500000 -0.025000 15.000000
7.500000 0.025000 15.000000
-7.500000 0.025000 15.000000
-7.500000 -0.025000 15.000000
0.000000 0.000000 15.000000
1. 0. 0. 0. 1. 0. 0. 0. 1.
//*************************************************
sts01sector11#2
sts01ladder1#1
0.000000 0.000000 45.100000
1. 0. 0. 0. 1. 0. 0. 0. 1.
//*************************************************
sts01sector11#3
sts01ladder1#1
0.000000 0.000000 75.200000
1. 0. 0. 0. 1. 0. 0. 0. 1.
//*************************************************
sts01sector11#4
sts01ladder1#1
0.000000 0.000000 105.300000
1. 0. 0. 0. 1. 0. 0. 0. 1.
//*************************************************
sts01sector11#5
sts01ladder1#1
0.000000 0.000000 135.400000
1. 0. 0. 0. 1. 0. 0. 0. 1.
//*************************************************
sts01sector11#6
sts01ladder1#1
0.000000 0.000000 165.500000
1. 0. 0. 0. 1. 0. 0. 0. 1.
//*************************************************
sts01sector11#7
sts01ladder1#1
0.000000 0.000000 195.600000
1. 0. 0. 0. 1. 0. 0. 0. 1.
//*************************************************
sts01sector11#8
sts01ladder1#1
0.000000 0.000000 225.700000
1. 0. 0. 0. 1. 0. 0. 0. 1.
//*************************************************
sts01sector11#9
sts01ladder1#1
0.000000 0.000000 255.800000
1. 0. 0. 0. 1. 0. 0. 0. 1.
//*************************************************
sts01sector11#10
sts01ladder1#1
0.000000 0.000000 285.900000
1. 0. 0. 0. 1. 0. 0. 0. 1.
//*************************************************
sts01sector11#11
sts01ladder1#1
0.000000 0.000000 316.000000
1. 0. 0. 0. 1. 0. 0. 0. 1.
//*************************************************
sts01sector11#12
sts01ladder1#1
0.000000 0.000000 346.100000
1. 0. 0. 0. 1. 0. 0. 0. 1.
//*************************************************
sts01sector11#13
sts01ladder1#1
0.000000 0.000000 -15.100000
1. 0. 0. 0. 1. 0. 0. 0. 1.
//*************************************************
sts01sector11#14
sts01ladder1#1
0.000000 0.000000 -45.200000
1. 0. 0. 0. 1. 0. 0. 0. 1.
//*************************************************
sts01sector11#15
sts01ladder1#1
0.000000 0.000000 -75.300000
1. 0. 0. 0. 1. 0. 0. 0. 1.
//*************************************************
sts01sector11#16
sts01ladder1#1
0.000000 0.000000 -105.400000
1. 0. 0. 0. 1. 0. 0. 0. 1.
//*************************************************
sts01sector11#17
sts01ladder1#1
0.000000 0.000000 -135.500000
1. 0. 0. 0. 1. 0. 0. 0. 1.
//*************************************************
sts01sector11#18
sts01ladder1#1
0.000000 0.000000 -165.600000
1. 0. 0. 0. 1. 0. 0. 0. 1.
//*************************************************
sts01sector11#19
sts01ladder1#1
0.000000 0.000000 -195.700000
1. 0. 0. 0. 1. 0. 0. 0. 1.
//*************************************************
sts01sector11#20
sts01ladder1#1
0.000000 0.000000 -225.800000
1. 0. 0. 0. 1. 0. 0. 0. 1.
//*************************************************
sts01sector11#21
sts01ladder1#1
0.000000 0.000000 -255.900000
1. 0. 0. 0. 1. 0. 0. 0. 1.
//*************************************************
sts01sector11#22
sts01ladder1#1
0.000000 0.000000 -286.000000
1. 0. 0. 0. 1. 0. 0. 0. 1.
//*************************************************
sts01sector11#23
sts01ladder1#1
0.000000 0.000000 -316.100000
1. 0. 0. 0. 1. 0. 0. 0. 1.
//*************************************************
sts01sector11#24
sts01ladder1#1
0.000000 0.000000 -346.200000
1. 0. 0. 0. 1. 0. 0. 0. 1.
//*************************************************
sts01ladder2#1
sts01
BOX
air
7.600000 -0.500000 -375.100000
7.600000 0.500000 -375.100000
-7.600000 0.500000 -375.100000
-7.600000 -0.500000 -375.100000
7.600000 -0.500000 375.100000
7.600000 0.500000 375.100000
-7.600000 0.500000 375.100000
-7.600000 -0.500000 375.100000
0.000000 42.724700 0.000000
0.9362499551 -0.3513346291 -0.0000000000 0.3513346291 0.9362499551 -0.0000000000 0.0000000000 -0.0000000000 1.0000000000 
//*************************************************
sts01ladder2#2
sts01
-12.036939 40.994050 0.000000
0.7993428501 -0.6008752017 -0.0000000000 0.6008752017 0.7993428501 -0.0000000000 0.0000000000 -0.0000000000 1.0000000000 
//*************************************************
sts01ladder2#3
sts01
-23.098717 35.942305 0.000000
0.5976777413 -0.8017364390 -0.0000000000 0.8017364390 0.5976777413 -0.0000000000 0.0000000000 -0.0000000000 1.0000000000 
//*************************************************
sts01ladder2#4
sts01
-32.289174 27.978728 0.000000
0.3475923364 -0.9376457581 -0.0000000000 0.9376457581 0.3475923364 -0.0000000000 0.0000000000 -0.0000000000 1.0000000000 
//*************************************************
sts01ladder2#5
sts01
-38.863754 17.748482 0.000000
0.0693470676 -0.9975925943 -0.0000000000 0.9975925943 0.0693470676 -0.0000000000 0.0000000000 -0.0000000000 1.0000000000 
//*************************************************
sts01ladder2#6
sts01
-42.289824 6.080359 0.000000
-0.2145162882 -0.9767204114 0.0000000000 0.9767204114 -0.2145162882 -0.0000000000 0.0000000000 -0.0000000000 1.0000000000 
//*************************************************
sts01ladder2#7
sts01
-42.289824 -6.080359 0.000000
-0.4810008101 -0.8767201496 0.0000000000 0.8767201496 -0.4810008101 -0.0000000000 0.0000000000 -0.0000000000 1.0000000000 
//*************************************************
sts01ladder2#8
sts01
-38.863754 -17.748482 0.000000
-0.7085175070 -0.7056932353 0.0000000000 0.7056932353 -0.7085175070 -0.0000000000 0.0000000000 -0.0000000000 1.0000000000 
//*************************************************
sts01ladder2#9
sts01
-32.289174 -27.978728 0.000000
-0.8786343291 -0.4774952520 0.0000000000 0.4774952520 -0.8786343291 -0.0000000000 0.0000000000 -0.0000000000 1.0000000000 
//*************************************************
sts01ladder2#10
sts01
-23.098717 -35.942305 0.000000
-0.9775694234 -0.2106134431 0.0000000000 0.2106134431 -0.9775694234 -0.0000000000 0.0000000000 -0.0000000000 1.0000000000 
//*************************************************
sts01ladder2#11
sts01
-12.036939 -40.994050 0.000000
-0.9973076568 0.0733310143 0.0000000000 -0.0733310143 -0.9973076568 0.0000000000 0.0000000000 -0.0000000000 1.0000000000 
//*************************************************
sts01ladder2#12
sts01
-0.000000 -42.724700 0.000000
-0.9362499551 0.3513346291 0.0000000000 -0.3513346291 -0.9362499551 0.0000000000 0.0000000000 -0.0000000000 1.0000000000 
//*************************************************
sts01ladder2#13
sts01
12.036939 -40.994050 0.000000
-0.7993428501 0.6008752017 0.0000000000 -0.6008752017 -0.7993428501 0.0000000000 0.0000000000 -0.0000000000 1.0000000000 
//*************************************************
sts01ladder2#14
sts01
23.098717 -35.942305 0.000000
-0.5976777413 0.8017364390 0.0000000000 -0.8017364390 -0.5976777413 0.0000000000 0.0000000000 -0.0000000000 1.0000000000 
//*************************************************
sts01ladder2#15
sts01
32.289174 -27.978728 0.000000
-0.3475923364 0.9376457581 0.0000000000 -0.9376457581 -0.3475923364 0.0000000000 0.0000000000 -0.0000000000 1.0000000000 
//*************************************************
sts01ladder2#16
sts01
38.863754 -17.748482 0.000000
-0.0693470676 0.9975925943 0.0000000000 -0.9975925943 -0.0693470676 0.0000000000 0.0000000000 -0.0000000000 1.0000000000 
//*************************************************
sts01ladder2#17
sts01
42.289824 -6.080359 0.000000
0.2145162882 0.9767204114 -0.0000000000 -0.9767204114 0.2145162882 0.0000000000 0.0000000000 -0.0000000000 1.0000000000 
//*************************************************
sts01ladder2#18
sts01
42.289824 6.080359 0.000000
0.4810008101 0.8767201496 -0.0000000000 -0.8767201496 0.4810008101 0.0000000000 0.0000000000 -0.0000000000 1.0000000000 
//*************************************************
sts01ladder2#19
sts01
38.863754 17.748482 0.000000
0.7085175070 0.7056932353 -0.0000000000 -0.7056932353 0.7085175070 0.0000000000 0.0000000000 -0.0000000000 1.0000000000 
//*************************************************
sts01ladder2#20
sts01
32.289174 27.978728 0.000000
0.8786343291 0.4774952520 -0.0000000000 -0.4774952520 0.8786343291 0.0000000000 0.0000000000 -0.0000000000 1.0000000000 
//*************************************************
sts01ladder2#21
sts01
23.098717 35.942305 0.000000
0.9775694234 0.2106134431 -0.0000000000 -0.2106134431 0.9775694234 0.0000000000 0.0000000000 -0.0000000000 1.0000000000 
//*************************************************
sts01ladder2#22
sts01
12.036939 40.994050 0.000000
0.9973076568 -0.0733310143 -0.0000000000 0.0733310143 0.9973076568 -0.0000000000 0.0000000000 -0.0000000000 1.0000000000 
//*************************************************
sts01sector12#1
sts01ladder2#1
BOX
air
7.500000 -0.025000 -15.000000
7.500000 0.025000 -15.000000
-7.500000 0.025000 -15.000000
-7.500000 -0.025000 -15.000000
7.500000 -0.025000 15.000000
7.500000 0.025000 15.000000
-7.500000 0.025000 15.000000
-7.500000 -0.025000 15.000000
0.000000 0.000000 15.000000
1. 0. 0. 0. 1. 0. 0. 0. 1.
//*************************************************
sts01sector12#2
sts01ladder2#1
0.000000 0.000000 45.100000
1. 0. 0. 0. 1. 0. 0. 0. 1.
//*************************************************
sts01sector12#3
sts01ladder2#1
0.000000 0.000000 75.200000
1. 0. 0. 0. 1. 0. 0. 0. 1.
//*************************************************
sts01sector12#4
sts01ladder2#1
0.000000 0.000000 105.300000
1. 0. 0. 0. 1. 0. 0. 0. 1.
//*************************************************
sts01sector12#5
sts01ladder2#1
0.000000 0.000000 135.400000
1. 0. 0. 0. 1. 0. 0. 0. 1.
//*************************************************
sts01sector12#6
sts01ladder2#1
0.000000 0.000000 165.500000
1. 0. 0. 0. 1. 0. 0. 0. 1.
//*************************************************
sts01sector12#7
sts01ladder2#1
0.000000 0.000000 195.600000
1. 0. 0. 0. 1. 0. 0. 0. 1.
//*************************************************
sts01sector12#8
sts01ladder2#1
0.000000 0.000000 225.700000
1. 0. 0. 0. 1. 0. 0. 0. 1.
//*************************************************
sts01sector12#9
sts01ladder2#1
0.000000 0.000000 255.800000
1. 0. 0. 0. 1. 0. 0. 0. 1.
//*************************************************
sts01sector12#10
sts01ladder2#1
0.000000 0.000000 285.900000
1. 0. 0. 0. 1. 0. 0. 0. 1.
//*************************************************
sts01sector12#11
sts01ladder2#1
0.000000 0.000000 316.000000
1. 0. 0. 0. 1. 0. 0. 0. 1.
//*************************************************
sts01sector12#12
sts01ladder2#1
0.000000 0.000000 346.100000
1. 0. 0. 0. 1. 0. 0. 0. 1.
//*************************************************
sts01sector12#13
sts01ladder2#1
0.000000 0.000000 -15.100000
1. 0. 0. 0. 1. 0. 0. 0. 1.
//*************************************************
sts01sector12#14
sts01ladder2#1
0.000000 0.000000 -45.200000
1. 0. 0. 0. 1. 0. 0. 0. 1.
//*************************************************
sts01sector12#15
sts01ladder2#1
0.000000 0.000000 -75.300000
1. 0. 0. 0. 1. 0. 0. 0. 1.
//*************************************************
sts01sector12#16
sts01ladder2#1
0.000000 0.000000 -105.400000
1. 0. 0. 0. 1. 0. 0. 0. 1.
//*************************************************
sts01sector12#17
sts01ladder2#1
0.000000 0.000000 -135.500000
1. 0. 0. 0. 1. 0. 0. 0. 1.
//*************************************************
sts01sector12#18
sts01ladder2#1
0.000000 0.000000 -165.600000
1. 0. 0. 0. 1. 0. 0. 0. 1.
//*************************************************
sts01sector12#19
sts01ladder2#1
0.000000 0.000000 -195.700000
1. 0. 0. 0. 1. 0. 0. 0. 1.
//*************************************************
sts01sector12#20
sts01ladder2#1
0.000000 0.000000 -225.800000
1. 0. 0. 0. 1. 0. 0. 0. 1.
//*************************************************
sts01sector12#21
sts01ladder2#1
0.000000 0.000000 -255.900000
1. 0. 0. 0. 1. 0. 0. 0. 1.
//*************************************************
sts01sector12#22
sts01ladder2#1
0.000000 0.000000 -286.000000
1. 0. 0. 0. 1. 0. 0. 0. 1.
//*************************************************
sts01sector12#23
sts01ladder2#1
0.000000 0.000000 -316.100000
1. 0. 0. 0. 1. 0. 0. 0. 1.
//*************************************************
sts01sector12#24
sts01ladder2#1
0.000000 0.000000 -346.200000
1. 0. 0. 0. 1. 0. 0. 0. 1.
//*************************************************
sts01ladder3#1
sts01
BOX
air
7.600000 -0.500000 -375.100000
7.600000 0.500000 -375.100000
-7.600000 0.500000 -375.100000
-7.600000 -0.500000 -375.100000
7.600000 -0.500000 375.100000
7.600000 0.500000 375.100000
-7.600000 0.500000 375.100000
-7.600000 -0.500000 375.100000
0.000000 62.054613 0.000000
0.9346440875 -0.3555846308 -0.0000000000 0.3555846308 0.9346440875 -0.0000000000 0.0000000000 -0.0000000000 1.0000000000 
//*************************************************
sts01ladder3#2
sts01
-12.106254 60.862251 0.000000
0.8473140433 -0.5310921878 -0.0000000000 0.5310921878 0.8473140433 -0.0000000000 0.0000000000 -0.0000000000 1.0000000000 
//*************************************************
sts01ladder3#3
sts01
-23.747272 57.330987 0.000000
0.7274221956 -0.6861901699 -0.0000000000 0.6861901699 0.7274221956 -0.0000000000 0.0000000000 -0.0000000000 1.0000000000 
//*************************************************
sts01ladder3#4
sts01
-34.475696 51.596525 0.000000
0.5795759209 -0.8149182486 -0.0000000000 0.8149182486 0.5795759209 -0.0000000000 0.0000000000 -0.0000000000 1.0000000000 
//*************************************************
sts01ladder3#5
sts01
-43.879238 43.879238 0.000000
0.4094568686 -0.9123294760 -0.0000000000 0.9123294760 0.4094568686 -0.0000000000 0.0000000000 -0.0000000000 1.0000000000 
//*************************************************
sts01ladder3#6
sts01
-51.596525 34.475696 0.000000
0.2236026184 -0.9746803933 -0.0000000000 0.9746803933 0.2236026184 -0.0000000000 0.0000000000 -0.0000000000 1.0000000000 
//*************************************************
sts01ladder3#7
sts01
-57.330987 23.747272 0.000000
0.0291554450 -0.9995748897 -0.0000000000 0.9995748897 0.0291554450 -0.0000000000 0.0000000000 -0.0000000000 1.0000000000 
//*************************************************
sts01ladder3#8
sts01
-60.862251 12.106254 0.000000
-0.1664121558 -0.9860562836 0.0000000000 0.9860562836 -0.1664121558 -0.0000000000 0.0000000000 -0.0000000000 1.0000000000 
//*************************************************
sts01ladder3#9
sts01
-62.054613 0.000000 0.000000
-0.3555846308 -0.9346440875 0.0000000000 0.9346440875 -0.3555846308 -0.0000000000 0.0000000000 -0.0000000000 1.0000000000 
//*************************************************
sts01ladder3#10
sts01
-60.862251 -12.106254 0.000000
-0.5310921878 -0.8473140433 0.0000000000 0.8473140433 -0.5310921878 -0.0000000000 0.0000000000 -0.0000000000 1.0000000000 
//*************************************************
sts01ladder3#11
sts01
-57.330987 -23.747272 0.000000
-0.6861901699 -0.7274221956 0.0000000000 0.7274221956 -0.6861901699 -0.0000000000 0.0000000000 -0.0000000000 1.0000000000 
//*************************************************
sts01ladder3#12
sts01
-51.596525 -34.475696 0.000000
-0.8149182486 -0.5795759209 0.0000000000 0.5795759209 -0.8149182486 -0.0000000000 0.0000000000 -0.0000000000 1.0000000000 
//*************************************************
sts01ladder3#13
sts01
-43.879238 -43.879238 0.000000
-0.9123294760 -0.4094568686 0.0000000000 0.4094568686 -0.9123294760 -0.0000000000 0.0000000000 -0.0000000000 1.0000000000 
//*************************************************
sts01ladder3#14
sts01
-34.475696 -51.596525 0.000000
-0.9746803933 -0.2236026184 0.0000000000 0.2236026184 -0.9746803933 -0.0000000000 0.0000000000 -0.0000000000 1.0000000000 
//*************************************************
sts01ladder3#15
sts01
-23.747272 -57.330987 0.000000
-0.9995748897 -0.0291554450 0.0000000000 0.0291554450 -0.9995748897 -0.0000000000 0.0000000000 -0.0000000000 1.0000000000 
//*************************************************
sts01ladder3#16
sts01
-12.106254 -60.862251 0.000000
-0.9860562836 0.1664121558 0.0000000000 -0.1664121558 -0.9860562836 0.0000000000 0.0000000000 -0.0000000000 1.0000000000 
//*************************************************
sts01ladder3#17
sts01
-0.000000 -62.054613 0.000000
-0.9346440875 0.3555846308 0.0000000000 -0.3555846308 -0.9346440875 0.0000000000 0.0000000000 -0.0000000000 1.0000000000 
//*************************************************
sts01ladder3#18
sts01
12.106254 -60.862251 0.000000
-0.8473140433 0.5310921878 0.0000000000 -0.5310921878 -0.8473140433 0.0000000000 0.0000000000 -0.0000000000 1.0000000000 
//*************************************************
sts01ladder3#19
sts01
23.747272 -57.330987 0.000000
-0.7274221956 0.6861901699 0.0000000000 -0.6861901699 -0.7274221956 0.0000000000 0.0000000000 -0.0000000000 1.0000000000 
//*************************************************
sts01ladder3#20
sts01
34.475696 -51.596525 0.000000
-0.5795759209 0.8149182486 0.0000000000 -0.8149182486 -0.5795759209 0.0000000000 0.0000000000 -0.0000000000 1.0000000000 
//*************************************************
sts01ladder3#21
sts01
43.879238 -43.879238 0.000000
-0.4094568686 0.9123294760 0.0000000000 -0.9123294760 -0.4094568686 0.0000000000 0.0000000000 -0.0000000000 1.0000000000 
//*************************************************
sts01ladder3#22
sts01
51.596525 -34.475696 0.000000
-0.2236026184 0.9746803933 0.0000000000 -0.9746803933 -0.2236026184 0.0000000000 0.0000000000 -0.0000000000 1.0000000000 
//*************************************************
sts01ladder3#23
sts01
57.330987 -23.747272 0.000000
-0.0291554450 0.9995748897 0.0000000000 -0.9995748897 -0.0291554450 0.0000000000 0.0000000000 -0.0000000000 1.0000000000 
//*************************************************
sts01ladder3#24
sts01
60.862251 -12.106254 0.000000
0.1664121558 0.9860562836 -0.0000000000 -0.9860562836 0.1664121558 0.0000000000 0.0000000000 -0.0000000000 1.0000000000 
//*************************************************
sts01ladder3#25
sts01
62.054613 -0.000000 0.000000
0.3555846308 0.9346440875 -0.0000000000 -0.9346440875 0.3555846308 0.0000000000 0.0000000000 -0.0000000000 1.0000000000 
//*************************************************
sts01ladder3#26
sts01
60.862251 12.106254 0.000000
0.5310921878 0.8473140433 -0.0000000000 -0.8473140433 0.5310921878 0.0000000000 0.0000000000 -0.0000000000 1.0000000000 
//*************************************************
sts01ladder3#27
sts01
57.330987 23.747272 0.000000
0.6861901699 0.7274221956 -0.0000000000 -0.7274221956 0.6861901699 0.0000000000 0.0000000000 -0.0000000000 1.0000000000 
//*************************************************
sts01ladder3#28
sts01
51.596525 34.475696 0.000000
0.8149182486 0.5795759209 -0.0000000000 -0.5795759209 0.8149182486 0.0000000000 0.0000000000 -0.0000000000 1.0000000000 
//*************************************************
sts01ladder3#29
sts01
43.879238 43.879238 0.000000
0.9123294760 0.4094568686 -0.0000000000 -0.4094568686 0.9123294760 0.0000000000 0.0000000000 -0.0000000000 1.0000000000 
//*************************************************
sts01ladder3#30
sts01
34.475696 51.596525 0.000000
0.9746803933 0.2236026184 -0.0000000000 -0.2236026184 0.9746803933 0.0000000000 0.0000000000 -0.0000000000 1.0000000000 
//*************************************************
sts01ladder3#31
sts01
23.747272 57.330987 0.000000
0.9995748897 0.0291554450 -0.0000000000 -0.0291554450 0.9995748897 0.0000000000 0.0000000000 -0.0000000000 1.0000000000 
//*************************************************
sts01ladder3#32
sts01
12.106254 60.862251 0.000000
0.9860562836 -0.1664121558 -0.0000000000 0.1664121558 0.9860562836 -0.0000000000 0.0000000000 -0.0000000000 1.0000000000 
//*************************************************
sts01sector13#1
sts01ladder3#1
BOX
air
7.500000 -0.025000 -15.000000
7.500000 0.025000 -15.000000
-7.500000 0.025000 -15.000000
-7.500000 -0.025000 -15.000000
7.500000 -0.025000 15.000000
7.500000 0.025000 15.000000
-7.500000 0.025000 15.000000
-7.500000 -0.025000 15.000000
0.000000 0.000000 15.000000
1. 0. 0. 0. 1. 0. 0. 0. 1.
//*************************************************
sts01sector13#2
sts01ladder3#1
0.000000 0.000000 45.100000
1. 0. 0. 0. 1. 0. 0. 0. 1.
//*************************************************
sts01sector13#3
sts01ladder3#1
0.000000 0.000000 75.200000
1. 0. 0. 0. 1. 0. 0. 0. 1.
//*************************************************
sts01sector13#4
sts01ladder3#1
0.000000 0.000000 105.300000
1. 0. 0. 0. 1. 0. 0. 0. 1.
//*************************************************
sts01sector13#5
sts01ladder3#1
0.000000 0.000000 135.400000
1. 0. 0. 0. 1. 0. 0. 0. 1.
//*************************************************
sts01sector13#6
sts01ladder3#1
0.000000 0.000000 165.500000
1. 0. 0. 0. 1. 0. 0. 0. 1.
//*************************************************
sts01sector13#7
sts01ladder3#1
0.000000 0.000000 195.600000
1. 0. 0. 0. 1. 0. 0. 0. 1.
//*************************************************
sts01sector13#8
sts01ladder3#1
0.000000 0.000000 225.700000
1. 0. 0. 0. 1. 0. 0. 0. 1.
//*************************************************
sts01sector13#9
sts01ladder3#1
0.000000 0.000000 255.800000
1. 0. 0. 0. 1. 0. 0. 0. 1.
//*************************************************
sts01sector13#10
sts01ladder3#1
0.000000 0.000000 285.900000
1. 0. 0. 0. 1. 0. 0. 0. 1.
//*************************************************
sts01sector13#11
sts01ladder3#1
0.000000 0.000000 316.000000
1. 0. 0. 0. 1. 0. 0. 0. 1.
//*************************************************
sts01sector13#12
sts01ladder3#1
0.000000 0.000000 346.100000
1. 0. 0. 0. 1. 0. 0. 0. 1.
//*************************************************
sts01sector13#13
sts01ladder3#1
0.000000 0.000000 -15.100000
1. 0. 0. 0. 1. 0. 0. 0. 1.
//*************************************************
sts01sector13#14
sts01ladder3#1
0.000000 0.000000 -45.200000
1. 0. 0. 0. 1. 0. 0. 0. 1.
//*************************************************
sts01sector13#15
sts01ladder3#1
0.000000 0.000000 -75.300000
1. 0. 0. 0. 1. 0. 0. 0. 1.
//*************************************************
sts01sector13#16
sts01ladder3#1
0.000000 0.000000 -105.400000
1. 0. 0. 0. 1. 0. 0. 0. 1.
//*************************************************
sts01sector13#17
sts01ladder3#1
0.000000 0.000000 -135.500000
1. 0. 0. 0. 1. 0. 0. 0. 1.
//*************************************************
sts01sector13#18
sts01ladder3#1
0.000000 0.000000 -165.600000
1. 0. 0. 0. 1. 0. 0. 0. 1.
//*************************************************
sts01sector13#19
sts01ladder3#1
0.000000 0.000000 -195.700000
1. 0. 0. 0. 1. 0. 0. 0. 1.
//*************************************************
sts01sector13#20
sts01ladder3#1
0.000000 0.000000 -225.800000
1. 0. 0. 0. 1. 0. 0. 0. 1.
//*************************************************
sts01sector13#21
sts01ladder3#1
0.000000 0.000000 -255.900000
1. 0. 0. 0. 1. 0. 0. 0. 1.
//*************************************************
sts01sector13#22
sts01ladder3#1
0.000000 0.000000 -286.000000
1. 0. 0. 0. 1. 0. 0. 0. 1.
//*************************************************
sts01sector13#23
sts01ladder3#1
0.000000 0.000000 -316.100000
1. 0. 0. 0. 1. 0. 0. 0. 1.
//*************************************************
sts01sector13#24
sts01ladder3#1
0.000000 0.000000 -346.200000
1. 0. 0. 0. 1. 0. 0. 0. 1.
//*************************************************
sts01ladder4#1
sts01
BOX
air
15.100000 -0.500000 -763.100000
15.100000 0.500000 -763.100000
-15.100000 0.500000 -763.100000
-15.100000 -0.500000 -763.100000
15.100000 -0.500000 763.100000
15.100000 0.500000 763.100000
-15.100000 0.500000 763.100000
-15.100000 -0.500000 763.100000
-11.000000 144.500000 0.000000
1.0000000000 -0.0000000000 -0.0000000000 0.0000000000 1.0000000000 -0.0000000000 0.0000000000 -0.0000000000 1.0000000000 
//*************************************************
sts01ladder4#2
sts01
-59.758530 132.023362 0.000000
0.9396926208 -0.3420201433 -0.0000000000 0.3420201433 0.9396926208 -0.0000000000 0.0000000000 -0.0000000000 1.0000000000 
//*************************************************
sts01ladder4#3
sts01
-101.309298 103.622758 0.000000
0.7660444431 -0.6427876097 -0.0000000000 0.6427876097 0.7660444431 -0.0000000000 0.0000000000 -0.0000000000 1.0000000000 
//*************************************************
sts01ladder4#4
sts01
-130.640671 62.723721 0.000000
0.5000000000 -0.8660254038 -0.0000000000 0.8660254038 0.5000000000 -0.0000000000 0.0000000000 -0.0000000000 1.0000000000 
//*************************************************
sts01ladder4#5
sts01
-144.214850 14.259276 0.000000
0.1736481776 -0.9848077530 -0.0000000000 0.9848077530 0.1736481776 -0.0000000000 0.0000000000 -0.0000000000 1.0000000000 
//*************************************************
sts01ladder4#6
sts01
-140.394590 -35.925047 0.000000
-0.1736481777 -0.9848077530 0.0000000000 0.9848077530 -0.1736481777 -0.0000000000 0.0000000000 -0.0000000000 1.0000000000 
//*************************************************
sts01ladder4#7
sts01
-119.640671 -81.776279 0.000000
-0.5000000000 -0.8660254038 0.0000000000 0.8660254038 -0.5000000000 -0.0000000000 0.0000000000 -0.0000000000 1.0000000000 
//*************************************************
sts01ladder4#8
sts01
-84.456321 -117.764086 0.000000
-0.7660444431 -0.6427876097 0.0000000000 0.6427876097 -0.7660444431 -0.0000000000 0.0000000000 -0.0000000000 1.0000000000 
//*************************************************
sts01ladder4#9
sts01
-39.085292 -139.547805 0.000000
-0.9396926208 -0.3420201433 0.0000000000 0.3420201433 -0.9396926208 -0.0000000000 0.0000000000 -0.0000000000 1.0000000000 
//*************************************************
sts01ladder4#10
sts01
11.000000 -144.500000 0.000000
-1.0000000000 0.0000000000 0.0000000000 -0.0000000000 -1.0000000000 0.0000000000 0.0000000000 -0.0000000000 1.0000000000 
//*************************************************
sts01ladder4#11
sts01
59.758530 -132.023362 0.000000
-0.9396926208 0.3420201434 0.0000000000 -0.3420201434 -0.9396926208 0.0000000000 0.0000000000 -0.0000000000 1.0000000000 
//*************************************************
sts01ladder4#12
sts01
101.309298 -103.622758 0.000000
-0.7660444431 0.6427876097 0.0000000000 -0.6427876097 -0.7660444431 0.0000000000 0.0000000000 -0.0000000000 1.0000000000 
//*************************************************
sts01ladder4#13
sts01
130.640671 -62.723721 0.000000
-0.5000000000 0.8660254038 0.0000000000 -0.8660254038 -0.5000000000 0.0000000000 0.0000000000 -0.0000000000 1.0000000000 
//*************************************************
sts01ladder4#14
sts01
144.214850 -14.259276 0.000000
-0.1736481776 0.9848077530 0.0000000000 -0.9848077530 -0.1736481776 0.0000000000 0.0000000000 -0.0000000000 1.0000000000 
//*************************************************
sts01ladder4#15
sts01
140.394590 35.925047 0.000000
0.1736481777 0.9848077530 -0.0000000000 -0.9848077530 0.1736481777 0.0000000000 0.0000000000 -0.0000000000 1.0000000000 
//*************************************************
sts01ladder4#16
sts01
119.640671 81.776279 0.000000
0.5000000000 0.8660254038 -0.0000000000 -0.8660254038 0.5000000000 0.0000000000 0.0000000000 -0.0000000000 1.0000000000 
//*************************************************
sts01ladder4#17
sts01
84.456321 117.764086 0.000000
0.7660444431 0.6427876097 -0.0000000000 -0.6427876097 0.7660444431 0.0000000000 0.0000000000 -0.0000000000 1.0000000000 
//*************************************************
sts01ladder4#18
sts01
39.085292 139.547805 0.000000
0.9396926208 0.3420201433 -0.0000000000 -0.3420201433 0.9396926208 0.0000000000 0.0000000000 -0.0000000000 1.0000000000 
//*************************************************
sts01ladder4#19
sts01
15.000000 147.900000 0.000000
1.0000000000 -0.0000000000 -0.0000000000 0.0000000000 1.0000000000 -0.0000000000 0.0000000000 -0.0000000000 1.0000000000 
//*************************************************
sts01ladder4#20
sts01
-36.489390 144.110841 0.000000
0.9396926208 -0.3420201433 -0.0000000000 0.3420201433 0.9396926208 -0.0000000000 0.0000000000 -0.0000000000 1.0000000000 
//*************************************************
sts01ladder4#21
sts01
-83.577621 122.939787 0.000000
0.7660444431 -0.6427876097 -0.0000000000 0.6427876097 0.7660444431 -0.0000000000 0.0000000000 -0.0000000000 1.0000000000 
//*************************************************
sts01ladder4#22
sts01
-120.585157 86.940381 0.000000
0.5000000000 -0.8660254038 -0.0000000000 0.8660254038 0.5000000000 -0.0000000000 0.0000000000 -0.0000000000 1.0000000000 
//*************************************************
sts01ladder4#23
sts01
-143.048344 40.454682 0.000000
0.1736481776 -0.9848077530 -0.0000000000 0.9848077530 0.1736481776 -0.0000000000 0.0000000000 -0.0000000000 1.0000000000 
//*************************************************
sts01ladder4#24
sts01
-148.257789 -10.910449 0.000000
-0.1736481777 -0.9848077530 0.0000000000 0.9848077530 -0.1736481777 -0.0000000000 0.0000000000 -0.0000000000 1.0000000000 
//*************************************************
sts01ladder4#25
sts01
-135.585157 -60.959619 0.000000
-0.5000000000 -0.8660254038 0.0000000000 0.8660254038 -0.5000000000 -0.0000000000 0.0000000000 -0.0000000000 1.0000000000 
//*************************************************
sts01ladder4#26
sts01
-106.558954 -103.656159 0.000000
-0.7660444431 -0.6427876097 0.0000000000 0.6427876097 -0.7660444431 -0.0000000000 0.0000000000 -0.0000000000 1.0000000000 
//*************************************************
sts01ladder4#27
sts01
-64.680169 -133.850236 0.000000
-0.9396926208 -0.3420201433 0.0000000000 0.3420201433 -0.9396926208 -0.0000000000 0.0000000000 -0.0000000000 1.0000000000 
//*************************************************
sts01ladder4#28
sts01
-15.000000 -147.900000 0.000000
-1.0000000000 0.0000000000 0.0000000000 -0.0000000000 -1.0000000000 0.0000000000 0.0000000000 -0.0000000000 1.0000000000 
//*************************************************
sts01ladder4#29
sts01
36.489390 -144.110841 0.000000
-0.9396926208 0.3420201434 0.0000000000 -0.3420201434 -0.9396926208 0.0000000000 0.0000000000 -0.0000000000 1.0000000000 
//*************************************************
sts01ladder4#30
sts01
83.577621 -122.939787 0.000000
-0.7660444431 0.6427876097 0.0000000000 -0.6427876097 -0.7660444431 0.0000000000 0.0000000000 -0.0000000000 1.0000000000 
//*************************************************
sts01ladder4#31
sts01
120.585157 -86.940381 0.000000
-0.5000000000 0.8660254038 0.0000000000 -0.8660254038 -0.5000000000 0.0000000000 0.0000000000 -0.0000000000 1.0000000000 
//*************************************************
sts01ladder4#32
sts01
143.048344 -40.454682 0.000000
-0.1736481776 0.9848077530 0.0000000000 -0.9848077530 -0.1736481776 0.0000000000 0.0000000000 -0.0000000000 1.0000000000 
//*************************************************
sts01ladder4#33
sts01
148.257789 10.910449 0.000000
0.1736481777 0.9848077530 -0.0000000000 -0.9848077530 0.1736481777 0.0000000000 0.0000000000 -0.0000000000 1.0000000000 
//*************************************************
sts01ladder4#34
sts01
135.585157 60.959619 0.000000
0.5000000000 0.8660254038 -0.0000000000 -0.8660254038 0.5000000000 0.0000000000 0.0000000000 -0.0000000000 1.0000000000 
//*************************************************
sts01ladder4#35
sts01
106.558954 103.656159 0.000000
0.7660444431 0.6427876097 -0.0000000000 -0.6427876097 0.7660444431 0.0000000000 0.0000000000 -0.0000000000 1.0000000000 
//*************************************************
sts01ladder4#36
sts01
64.680169 133.850236 0.000000
0.9396926208 0.3420201433 -0.0000000000 -0.3420201433 0.9396926208 0.0000000000 0.0000000000 -0.0000000000 1.0000000000 
//*************************************************
sts01sector14#1
sts01ladder4#1
BOX
silicon
7.500000 -0.350000 -15.000000
7.500000 0.350000 -15.000000
-7.500000 0.350000 -15.000000
-7.500000 -0.350000 -15.000000
7.500000 -0.350000 15.000000
7.500000 0.350000 15.000000
-7.500000 0.350000 15.000000
-7.500000 -0.350000 15.000000
7.500000 0.000000 0.000000
1. 0. 0. 0. 1. 0. 0. 0. 1.
//*************************************************
sts01sector14#2
sts01ladder4#1
7.500000 0.000000 30.100000
1. 0. 0. 0. 1. 0. 0. 0. 1.
//*************************************************
sts01sector14#3
sts01ladder4#1
7.500000 0.000000 60.200000
1. 0. 0. 0. 1. 0. 0. 0. 1.
//*************************************************
sts01sector14#4
sts01ladder4#1
7.500000 0.000000 90.300000
1. 0. 0. 0. 1. 0. 0. 0. 1.
//*************************************************
sts01sector14#5
sts01ladder4#1
7.500000 0.000000 120.400000
1. 0. 0. 0. 1. 0. 0. 0. 1.
//*************************************************
sts01sector14#6
sts01ladder4#1
7.500000 0.000000 150.500000
1. 0. 0. 0. 1. 0. 0. 0. 1.
//*************************************************
sts01sector14#7
sts01ladder4#1
7.500000 0.000000 180.600000
1. 0. 0. 0. 1. 0. 0. 0. 1.
//*************************************************
sts01sector14#8
sts01ladder4#1
7.500000 0.000000 210.700000
1. 0. 0. 0. 1. 0. 0. 0. 1.
//*************************************************
sts01sector14#9
sts01ladder4#1
7.500000 0.000000 240.800000
1. 0. 0. 0. 1. 0. 0. 0. 1.
//*************************************************
sts01sector14#10
sts01ladder4#1
7.500000 0.000000 270.900000
1. 0. 0. 0. 1. 0. 0. 0. 1.
//*************************************************
sts01sector14#11
sts01ladder4#1
7.500000 0.000000 301.000000
1. 0. 0. 0. 1. 0. 0. 0. 1.
//*************************************************
sts01sector14#12
sts01ladder4#1
7.500000 0.000000 331.100000
1. 0. 0. 0. 1. 0. 0. 0. 1.
//*************************************************
sts01sector14#13
sts01ladder4#1
7.500000 0.000000 361.200000
1. 0. 0. 0. 1. 0. 0. 0. 1.
//*************************************************
sts01sector14#14
sts01ladder4#1
7.500000 0.000000 391.300000
1. 0. 0. 0. 1. 0. 0. 0. 1.
//*************************************************
sts01sector14#15
sts01ladder4#1
7.500000 0.000000 421.400000
1. 0. 0. 0. 1. 0. 0. 0. 1.
//*************************************************
sts01sector14#16
sts01ladder4#1
7.500000 0.000000 451.500000
1. 0. 0. 0. 1. 0. 0. 0. 1.
//*************************************************
sts01sector14#17
sts01ladder4#1
7.500000 0.000000 481.600000
1. 0. 0. 0. 1. 0. 0. 0. 1.
//*************************************************
sts01sector14#18
sts01ladder4#1
7.500000 0.000000 511.700000
1. 0. 0. 0. 1. 0. 0. 0. 1.
//*************************************************
sts01sector14#19
sts01ladder4#1
7.500000 0.000000 541.800000
1. 0. 0. 0. 1. 0. 0. 0. 1.
//*************************************************
sts01sector14#20
sts01ladder4#1
7.500000 0.000000 571.900000
1. 0. 0. 0. 1. 0. 0. 0. 1.
//*************************************************
sts01sector14#21
sts01ladder4#1
7.500000 0.000000 602.000000
1. 0. 0. 0. 1. 0. 0. 0. 1.
//*************************************************
sts01sector14#22
sts01ladder4#1
7.500000 0.000000 632.100000
1. 0. 0. 0. 1. 0. 0. 0. 1.
//*************************************************
sts01sector14#23
sts01ladder4#1
7.500000 0.000000 662.200000
1. 0. 0. 0. 1. 0. 0. 0. 1.
//*************************************************
sts01sector14#24
sts01ladder4#1
7.500000 0.000000 692.300000
1. 0. 0. 0. 1. 0. 0. 0. 1.
//*************************************************
sts01sector14#25
sts01ladder4#1
7.500000 0.000000 722.400000
1. 0. 0. 0. 1. 0. 0. 0. 1.
//*************************************************
sts01sector14#26
sts01ladder4#1
7.500000 0.000000 -30.100000
1. 0. 0. 0. 1. 0. 0. 0. 1.
//*************************************************
sts01sector14#27
sts01ladder4#1
7.500000 0.000000 -60.200000
1. 0. 0. 0. 1. 0. 0. 0. 1.
//*************************************************
sts01sector14#28
sts01ladder4#1
7.500000 0.000000 -90.300000
1. 0. 0. 0. 1. 0. 0. 0. 1.
//*************************************************
sts01sector14#29
sts01ladder4#1
7.500000 0.000000 -120.400000
1. 0. 0. 0. 1. 0. 0. 0. 1.
//*************************************************
sts01sector14#30
sts01ladder4#1
7.500000 0.000000 -150.500000
1. 0. 0. 0. 1. 0. 0. 0. 1.
//*************************************************
sts01sector14#31
sts01ladder4#1
7.500000 0.000000 -180.600000
1. 0. 0. 0. 1. 0. 0. 0. 1.
//*************************************************
sts01sector14#32
sts01ladder4#1
7.500000 0.000000 -210.700000
1. 0. 0. 0. 1. 0. 0. 0. 1.
//*************************************************
sts01sector14#33
sts01ladder4#1
7.500000 0.000000 -240.800000
1. 0. 0. 0. 1. 0. 0. 0. 1.
//*************************************************
sts01sector14#34
sts01ladder4#1
