//*************************************************
sts01
cave
TUBE
air
0.000000 0.000000 745.000000
27.500000 250.000000
0.000000 0.000000 -745.000000
0. 0. 0.
1. 0. 0. 0. 1. 0. 0. 0. 1.
//*************************************************
sts01ladder1#1
sts01
BOX
air
15.150000 -0.500000 -361.200000
15.150000 0.500000 -361.200000
-15.150000 0.500000 -361.200000
-15.150000 -0.500000 -361.200000
15.150000 -0.500000 361.200000
15.150000 0.500000 361.200000
-15.150000 0.500000 361.200000
-15.150000 -0.500000 361.200000
0.000000 29.200000 0.000000
1.0000000000 -0.0000000000 -0.0000000000 0.0000000000 1.0000000000 -0.0000000000 0.0000000000 -0.0000000000 1.0000000000 
//*************************************************
sts01ladder1#2
sts01
-23.970920 23.970920 0.000000
0.7071067812 -0.7071067812 -0.0000000000 0.7071067812 0.7071067812 -0.0000000000 0.0000000000 -0.0000000000 1.0000000000 
//*************************************************
sts01ladder1#3
sts01
-29.200000 0.000000 0.000000
-0.0000000000 -1.0000000000 0.0000000000 1.0000000000 -0.0000000000 -0.0000000000 0.0000000000 -0.0000000000 1.0000000000 
//*************************************************
sts01ladder1#4
sts01
-23.970920 -23.970920 0.000000
-0.7071067812 -0.7071067812 0.0000000000 0.7071067812 -0.7071067812 -0.0000000000 0.0000000000 -0.0000000000 1.0000000000 
//*************************************************
sts01ladder1#5
sts01
-0.000000 -29.200000 0.000000
-1.0000000000 0.0000000000 0.0000000000 -0.0000000000 -1.0000000000 0.0000000000 0.0000000000 -0.0000000000 1.0000000000 
//*************************************************
sts01ladder1#6
sts01
23.970920 -23.970920 0.000000
-0.7071067812 0.7071067812 0.0000000000 -0.7071067812 -0.7071067812 0.0000000000 0.0000000000 -0.0000000000 1.0000000000 
//*************************************************
sts01ladder1#7
sts01
29.200000 -0.000000 0.000000
0.0000000000 1.0000000000 -0.0000000000 -1.0000000000 0.0000000000 0.0000000000 0.0000000000 -0.0000000000 1.0000000000 
//*************************************************
sts01ladder1#8
sts01
23.970920 23.970920 0.000000
0.7071067812 0.7071067812 -0.0000000000 -0.7071067812 0.7071067812 0.0000000000 0.0000000000 -0.0000000000 1.0000000000 
//*************************************************
sts01sector11#1
sts01ladder1#1
BOX
silicon
7.550000 -0.025000 -15.050000
7.550000 0.025000 -15.050000
-7.550000 0.025000 -15.050000
-7.550000 -0.025000 -15.050000
7.550000 -0.025000 15.050000
7.550000 0.025000 15.050000
-7.550000 0.025000 15.050000
-7.550000 -0.025000 15.050000
7.550000 0.000000 -346.150000
1. 0. 0. 0. 1. 0. 0. 0. 1.
//*************************************************
sts01sector11#2
sts01ladder1#1
7.550000 0.000000 -316.050000
1. 0. 0. 0. 1. 0. 0. 0. 1.
//*************************************************
sts01sector11#3
sts01ladder1#1
7.550000 0.000000 -285.950000
1. 0. 0. 0. 1. 0. 0. 0. 1.
//*************************************************
sts01sector11#4
sts01ladder1#1
7.550000 0.000000 -255.850000
1. 0. 0. 0. 1. 0. 0. 0. 1.
//*************************************************
sts01sector11#5
sts01ladder1#1
7.550000 0.000000 -225.750000
1. 0. 0. 0. 1. 0. 0. 0. 1.
//*************************************************
sts01sector11#6
sts01ladder1#1
7.550000 0.000000 -195.650000
1. 0. 0. 0. 1. 0. 0. 0. 1.
//*************************************************
sts01sector11#7
sts01ladder1#1
7.550000 0.000000 -165.550000
1. 0. 0. 0. 1. 0. 0. 0. 1.
//*************************************************
sts01sector11#8
sts01ladder1#1
7.550000 0.000000 -135.450000
1. 0. 0. 0. 1. 0. 0. 0. 1.
//*************************************************
sts01sector11#9
sts01ladder1#1
7.550000 0.000000 -105.350000
1. 0. 0. 0. 1. 0. 0. 0. 1.
//*************************************************
sts01sector11#10
sts01ladder1#1
7.550000 0.000000 -75.250000
1. 0. 0. 0. 1. 0. 0. 0. 1.
//*************************************************
sts01sector11#11
sts01ladder1#1
7.550000 0.000000 -45.150000
1. 0. 0. 0. 1. 0. 0. 0. 1.
//*************************************************
sts01sector11#12
sts01ladder1#1
7.550000 0.000000 -15.050000
1. 0. 0. 0. 1. 0. 0. 0. 1.
//*************************************************
sts01sector11#13
sts01ladder1#1
7.550000 0.000000 15.050000
1. 0. 0. 0. 1. 0. 0. 0. 1.
//*************************************************
sts01sector11#14
sts01ladder1#1
7.550000 0.000000 45.150000
1. 0. 0. 0. 1. 0. 0. 0. 1.
//*************************************************
sts01sector11#15
sts01ladder1#1
7.550000 0.000000 75.250000
1. 0. 0. 0. 1. 0. 0. 0. 1.
//*************************************************
sts01sector11#16
sts01ladder1#1
7.550000 0.000000 105.350000
1. 0. 0. 0. 1. 0. 0. 0. 1.
//*************************************************
sts01sector11#17
sts01ladder1#1
7.550000 0.000000 135.450000
1. 0. 0. 0. 1. 0. 0. 0. 1.
//*************************************************
sts01sector11#18
sts01ladder1#1
7.550000 0.000000 165.550000
1. 0. 0. 0. 1. 0. 0. 0. 1.
//*************************************************
sts01sector11#19
sts01ladder1#1
7.550000 0.000000 195.650000
1. 0. 0. 0. 1. 0. 0. 0. 1.
//*************************************************
sts01sector11#20
sts01ladder1#1
7.550000 0.000000 225.750000
1. 0. 0. 0. 1. 0. 0. 0. 1.
//*************************************************
sts01sector11#21
sts01ladder1#1
7.550000 0.000000 255.850000
1. 0. 0. 0. 1. 0. 0. 0. 1.
//*************************************************
sts01sector11#22
sts01ladder1#1
7.550000 0.000000 285.950000
1. 0. 0. 0. 1. 0. 0. 0. 1.
//*************************************************
sts01sector11#23
sts01ladder1#1
7.550000 0.000000 316.050000
1. 0. 0. 0. 1. 0. 0. 0. 1.
//*************************************************
sts01sector11#24
sts01ladder1#1
7.550000 0.000000 346.150000
1. 0. 0. 0. 1. 0. 0. 0. 1.
//*************************************************
sts01sector11#25
sts01ladder1#1
-7.550000 0.000000 -346.150000
1. 0. 0. 0. 1. 0. 0. 0. 1.
//*************************************************
sts01sector11#26
sts01ladder1#1
-7.550000 0.000000 -316.050000
1. 0. 0. 0. 1. 0. 0. 0. 1.
//*************************************************
sts01sector11#27
sts01ladder1#1
-7.550000 0.000000 -285.950000
1. 0. 0. 0. 1. 0. 0. 0. 1.
//*************************************************
sts01sector11#28
sts01ladder1#1
-7.550000 0.000000 -255.850000
1. 0. 0. 0. 1. 0. 0. 0. 1.
//*************************************************
sts01sector11#29
sts01ladder1#1
-7.550000 0.000000 -225.750000
1. 0. 0. 0. 1. 0. 0. 0. 1.
//*************************************************
sts01sector11#30
sts01ladder1#1
-7.550000 0.000000 -195.650000
1. 0. 0. 0. 1. 0. 0. 0. 1.
//*************************************************
sts01sector11#31
sts01ladder1#1
-7.550000 0.000000 -165.550000
1. 0. 0. 0. 1. 0. 0. 0. 1.
//*************************************************
sts01sector11#32
sts01ladder1#1
-7.550000 0.000000 -135.450000
1. 0. 0. 0. 1. 0. 0. 0. 1.
//*************************************************
sts01sector11#33
sts01ladder1#1
-7.550000 0.000000 -105.350000
1. 0. 0. 0. 1. 0. 0. 0. 1.
//*************************************************
sts01sector11#34
sts01ladder1#1
-7.550000 0.000000 -75.250000
1. 0. 0. 0. 1. 0. 0. 0. 1.
//*************************************************
sts01sector11#35
sts01ladder1#1
-7.550000 0.000000 -45.150000
1. 0. 0. 0. 1. 0. 0. 0. 1.
//*************************************************
sts01sector11#36
sts01ladder1#1
-7.550000 0.000000 -15.050000
1. 0. 0. 0. 1. 0. 0. 0. 1.
//*************************************************
sts01sector11#37
sts01ladder1#1
-7.550000 0.000000 15.050000
1. 0. 0. 0. 1. 0. 0. 0. 1.
//*************************************************
sts01sector11#38
sts01ladder1#1
-7.550000 0.000000 45.150000
1. 0. 0. 0. 1. 0. 0. 0. 1.
//*************************************************
sts01sector11#39
sts01ladder1#1
-7.550000 0.000000 75.250000
1. 0. 0. 0. 1. 0. 0. 0. 1.
//*************************************************
sts01sector11#40
sts01ladder1#1
-7.550000 0.000000 105.350000
1. 0. 0. 0. 1. 0. 0. 0. 1.
//*************************************************
sts01sector11#41
sts01ladder1#1
-7.550000 0.000000 135.450000
1. 0. 0. 0. 1. 0. 0. 0. 1.
//*************************************************
sts01sector11#42
sts01ladder1#1
-7.550000 0.000000 165.550000
1. 0. 0. 0. 1. 0. 0. 0. 1.
//*************************************************
sts01sector11#43
sts01ladder1#1
-7.550000 0.000000 195.650000
1. 0. 0. 0. 1. 0. 0. 0. 1.
//*************************************************
sts01sector11#44
sts01ladder1#1
-7.550000 0.000000 225.750000
1. 0. 0. 0. 1. 0. 0. 0. 1.
//*************************************************
sts01sector11#45
sts01ladder1#1
-7.550000 0.000000 255.850000
1. 0. 0. 0. 1. 0. 0. 0. 1.
//*************************************************
sts01sector11#46
sts01ladder1#1
-7.550000 0.000000 285.950000
1. 0. 0. 0. 1. 0. 0. 0. 1.
//*************************************************
sts01sector11#47
sts01ladder1#1
-7.550000 0.000000 316.050000
1. 0. 0. 0. 1. 0. 0. 0. 1.
//*************************************************
sts01sector11#48
sts01ladder1#1
-7.550000 0.000000 346.150000
1. 0. 0. 0. 1. 0. 0. 0. 1.
//*************************************************
sts01ladder2#1
sts01
BOX
air
15.150000 -0.500000 -361.200000
15.150000 0.500000 -361.200000
-15.150000 0.500000 -361.200000
-15.150000 -0.500000 -361.200000
15.150000 -0.500000 361.200000
15.150000 0.500000 361.200000
-15.150000 0.500000 361.200000
-15.150000 -0.500000 361.200000
0.000000 63.200000 0.000000
1.0000000000 -0.0000000000 -0.0000000000 0.0000000000 1.0000000000 -0.0000000000 0.0000000000 -0.0000000000 1.0000000000 
//*************************************************
sts01ladder2#2
sts01
-25.716327 62.084705 0.000000
0.9238795325 -0.3826834324 -0.0000000000 0.3826834324 0.9238795325 -0.0000000000 0.0000000000 -0.0000000000 1.0000000000 
//*************************************************
sts01ladder2#3
sts01
-44.689149 44.689149 0.000000
0.7071067812 -0.7071067812 -0.0000000000 0.7071067812 0.7071067812 -0.0000000000 0.0000000000 -0.0000000000 1.0000000000 
//*************************************************
sts01ladder2#4
sts01
-62.084705 25.716327 0.000000
0.3826834323 -0.9238795325 -0.0000000000 0.9238795325 0.3826834323 -0.0000000000 0.0000000000 -0.0000000000 1.0000000000 
//*************************************************
sts01ladder2#5
sts01
-63.200000 0.000000 0.000000
-0.0000000000 -1.0000000000 0.0000000000 1.0000000000 -0.0000000000 -0.0000000000 0.0000000000 -0.0000000000 1.0000000000 
//*************************************************
sts01ladder2#6
sts01
-62.084705 -25.716327 0.000000
-0.3826834324 -0.9238795325 0.0000000000 0.9238795325 -0.3826834324 -0.0000000000 0.0000000000 -0.0000000000 1.0000000000 
//*************************************************
sts01ladder2#7
sts01
-44.689149 -44.689149 0.000000
-0.7071067812 -0.7071067812 0.0000000000 0.7071067812 -0.7071067812 -0.0000000000 0.0000000000 -0.0000000000 1.0000000000 
//*************************************************
sts01ladder2#8
sts01
-25.716327 -62.084705 0.000000
-0.9238795325 -0.3826834323 0.0000000000 0.3826834323 -0.9238795325 -0.0000000000 0.0000000000 -0.0000000000 1.0000000000 
//*************************************************
sts01ladder2#9
sts01
-0.000000 -63.200000 0.000000
-1.0000000000 0.0000000000 0.0000000000 -0.0000000000 -1.0000000000 0.0000000000 0.0000000000 -0.0000000000 1.0000000000 
//*************************************************
sts01ladder2#10
sts01
25.716327 -62.084705 0.000000
-0.9238795325 0.3826834324 0.0000000000 -0.3826834324 -0.9238795325 0.0000000000 0.0000000000 -0.0000000000 1.0000000000 
//*************************************************
sts01ladder2#11
sts01
44.689149 -44.689149 0.000000
-0.7071067812 0.7071067812 0.0000000000 -0.7071067812 -0.7071067812 0.0000000000 0.0000000000 -0.0000000000 1.0000000000 
//*************************************************
sts01ladder2#12
sts01
62.084705 -25.716327 0.000000
-0.3826834323 0.9238795325 0.0000000000 -0.9238795325 -0.3826834323 0.0000000000 0.0000000000 -0.0000000000 1.0000000000 
//*************************************************
sts01ladder2#13
sts01
63.200000 -0.000000 0.000000
0.0000000000 1.0000000000 -0.0000000000 -1.0000000000 0.0000000000 0.0000000000 0.0000000000 -0.0000000000 1.0000000000 
//*************************************************
sts01ladder2#14
sts01
62.084705 25.716327 0.000000
0.3826834324 0.9238795325 -0.0000000000 -0.9238795325 0.3826834324 0.0000000000 0.0000000000 -0.0000000000 1.0000000000 
//*************************************************
sts01ladder2#15
sts01
44.689149 44.689149 0.000000
0.7071067812 0.7071067812 -0.0000000000 -0.7071067812 0.7071067812 0.0000000000 0.0000000000 -0.0000000000 1.0000000000 
//*************************************************
sts01ladder2#16
sts01
25.716327 62.084705 0.000000
0.9238795325 0.3826834323 -0.0000000000 -0.3826834323 0.9238795325 0.0000000000 0.0000000000 -0.0000000000 1.0000000000 
//*************************************************
sts01sector12#1
sts01ladder2#1
BOX
silicon
7.550000 -0.025000 -15.050000
7.550000 0.025000 -15.050000
-7.550000 0.025000 -15.050000
-7.550000 -0.025000 -15.050000
7.550000 -0.025000 15.050000
7.550000 0.025000 15.050000
-7.550000 0.025000 15.050000
-7.550000 -0.025000 15.050000
7.550000 0.000000 -346.150000
1. 0. 0. 0. 1. 0. 0. 0. 1.
//*************************************************
sts01sector12#2
sts01ladder2#1
7.550000 0.000000 -316.050000
1. 0. 0. 0. 1. 0. 0. 0. 1.
//*************************************************
sts01sector12#3
sts01ladder2#1
7.550000 0.000000 -285.950000
1. 0. 0. 0. 1. 0. 0. 0. 1.
//*************************************************
sts01sector12#4
sts01ladder2#1
7.550000 0.000000 -255.850000
1. 0. 0. 0. 1. 0. 0. 0. 1.
//*************************************************
sts01sector12#5
sts01ladder2#1
7.550000 0.000000 -225.750000
1. 0. 0. 0. 1. 0. 0. 0. 1.
//*************************************************
sts01sector12#6
sts01ladder2#1
7.550000 0.000000 -195.650000
1. 0. 0. 0. 1. 0. 0. 0. 1.
//*************************************************
sts01sector12#7
sts01ladder2#1
7.550000 0.000000 -165.550000
1. 0. 0. 0. 1. 0. 0. 0. 1.
//*************************************************
sts01sector12#8
sts01ladder2#1
7.550000 0.000000 -135.450000
1. 0. 0. 0. 1. 0. 0. 0. 1.
//*************************************************
sts01sector12#9
sts01ladder2#1
7.550000 0.000000 -105.350000
1. 0. 0. 0. 1. 0. 0. 0. 1.
//*************************************************
sts01sector12#10
sts01ladder2#1
7.550000 0.000000 -75.250000
1. 0. 0. 0. 1. 0. 0. 0. 1.
//*************************************************
sts01sector12#11
sts01ladder2#1
7.550000 0.000000 -45.150000
1. 0. 0. 0. 1. 0. 0. 0. 1.
//*************************************************
sts01sector12#12
sts01ladder2#1
7.550000 0.000000 -15.050000
1. 0. 0. 0. 1. 0. 0. 0. 1.
//*************************************************
sts01sector12#13
sts01ladder2#1
7.550000 0.000000 15.050000
1. 0. 0. 0. 1. 0. 0. 0. 1.
//*************************************************
sts01sector12#14
sts01ladder2#1
7.550000 0.000000 45.150000
1. 0. 0. 0. 1. 0. 0. 0. 1.
//*************************************************
sts01sector12#15
sts01ladder2#1
7.550000 0.000000 75.250000
1. 0. 0. 0. 1. 0. 0. 0. 1.
//*************************************************
sts01sector12#16
sts01ladder2#1
7.550000 0.000000 105.350000
1. 0. 0. 0. 1. 0. 0. 0. 1.
//*************************************************
sts01sector12#17
sts01ladder2#1
7.550000 0.000000 135.450000
1. 0. 0. 0. 1. 0. 0. 0. 1.
//*************************************************
sts01sector12#18
sts01ladder2#1
7.550000 0.000000 165.550000
1. 0. 0. 0. 1. 0. 0. 0. 1.
//*************************************************
sts01sector12#19
sts01ladder2#1
7.550000 0.000000 195.650000
1. 0. 0. 0. 1. 0. 0. 0. 1.
//*************************************************
sts01sector12#20
sts01ladder2#1
7.550000 0.000000 225.750000
1. 0. 0. 0. 1. 0. 0. 0. 1.
//*************************************************
sts01sector12#21
sts01ladder2#1
7.550000 0.000000 255.850000
1. 0. 0. 0. 1. 0. 0. 0. 1.
//*************************************************
sts01sector12#22
sts01ladder2#1
7.550000 0.000000 285.950000
1. 0. 0. 0. 1. 0. 0. 0. 1.
//*************************************************
sts01sector12#23
sts01ladder2#1
7.550000 0.000000 316.050000
1. 0. 0. 0. 1. 0. 0. 0. 1.
//*************************************************
sts01sector12#24
sts01ladder2#1
7.550000 0.000000 346.150000
1. 0. 0. 0. 1. 0. 0. 0. 1.
//*************************************************
sts01sector12#25
sts01ladder2#1
-7.550000 0.000000 -346.150000
1. 0. 0. 0. 1. 0. 0. 0. 1.
//*************************************************
sts01sector12#26
sts01ladder2#1
-7.550000 0.000000 -316.050000
1. 0. 0. 0. 1. 0. 0. 0. 1.
//*************************************************
sts01sector12#27
sts01ladder2#1
-7.550000 0.000000 -285.950000
1. 0. 0. 0. 1. 0. 0. 0. 1.
//*************************************************
sts01sector12#28
sts01ladder2#1
-7.550000 0.000000 -255.850000
1. 0. 0. 0. 1. 0. 0. 0. 1.
//*************************************************
sts01sector12#29
sts01ladder2#1
-7.550000 0.000000 -225.750000
1. 0. 0. 0. 1. 0. 0. 0. 1.
//*************************************************
sts01sector12#30
sts01ladder2#1
-7.550000 0.000000 -195.650000
1. 0. 0. 0. 1. 0. 0. 0. 1.
//*************************************************
sts01sector12#31
sts01ladder2#1
-7.550000 0.000000 -165.550000
1. 0. 0. 0. 1. 0. 0. 0. 1.
//*************************************************
sts01sector12#32
sts01ladder2#1
-7.550000 0.000000 -135.450000
1. 0. 0. 0. 1. 0. 0. 0. 1.
//*************************************************
sts01sector12#33
sts01ladder2#1
-7.550000 0.000000 -105.350000
1. 0. 0. 0. 1. 0. 0. 0. 1.
//*************************************************
sts01sector12#34
sts01ladder2#1
-7.550000 0.000000 -75.250000
1. 0. 0. 0. 1. 0. 0. 0. 1.
//*************************************************
sts01sector12#35
sts01ladder2#1
-7.550000 0.000000 -45.150000
1. 0. 0. 0. 1. 0. 0. 0. 1.
//*************************************************
sts01sector12#36
sts01ladder2#1
-7.550000 0.000000 -15.050000
1. 0. 0. 0. 1. 0. 0. 0. 1.
//*************************************************
sts01sector12#37
sts01ladder2#1
-7.550000 0.000000 15.050000
1. 0. 0. 0. 1. 0. 0. 0. 1.
//*************************************************
sts01sector12#38
sts01ladder2#1
-7.550000 0.000000 45.150000
1. 0. 0. 0. 1. 0. 0. 0. 1.
//*************************************************
sts01sector12#39
sts01ladder2#1
-7.550000 0.000000 75.250000
1. 0. 0. 0. 1. 0. 0. 0. 1.
//*************************************************
sts01sector12#40
sts01ladder2#1
-7.550000 0.000000 105.350000
1. 0. 0. 0. 1. 0. 0. 0. 1.
//*************************************************
sts01sector12#41
sts01ladder2#1
-7.550000 0.000000 135.450000
1. 0. 0. 0. 1. 0. 0. 0. 1.
//*************************************************
sts01sector12#42
sts01ladder2#1
-7.550000 0.000000 165.550000
1. 0. 0. 0. 1. 0. 0. 0. 1.
//*************************************************
sts01sector12#43
sts01ladder2#1
-7.550000 0.000000 195.650000
1. 0. 0. 0. 1. 0. 0. 0. 1.
//*************************************************
sts01sector12#44
sts01ladder2#1
-7.550000 0.000000 225.750000
1. 0. 0. 0. 1. 0. 0. 0. 1.
//*************************************************
sts01sector12#45
sts01ladder2#1
-7.550000 0.000000 255.850000
1. 0. 0. 0. 1. 0. 0. 0. 1.
//*************************************************
sts01sector12#46
sts01ladder2#1
-7.550000 0.000000 285.950000
1. 0. 0. 0. 1. 0. 0. 0. 1.
//*************************************************
sts01sector12#47
sts01ladder2#1
-7.550000 0.000000 316.050000
1. 0. 0. 0. 1. 0. 0. 0. 1.
//*************************************************
sts01sector12#48
sts01ladder2#1
-7.550000 0.000000 346.150000
1. 0. 0. 0. 1. 0. 0. 0. 1.
//*************************************************
sts01ladder3#1
sts01
BOX
air
15.150000 -0.500000 -466.550000
15.150000 0.500000 -466.550000
-15.150000 0.500000 -466.550000
-15.150000 -0.500000 -466.550000
15.150000 -0.500000 466.550000
15.150000 0.500000 466.550000
-15.150000 0.500000 466.550000
-15.150000 -0.500000 466.550000
-11.050000 95.100000 0.000000
1.0000000000 -0.0000000000 -0.0000000000 0.0000000000 1.0000000000 -0.0000000000 0.0000000000 -0.0000000000 1.0000000000 
//*************************************************
sts01ladder3#2
sts01
-36.416318 93.174912 0.000000
0.8660254038 -0.5000000000 -0.0000000000 0.5000000000 0.8660254038 -0.0000000000 0.0000000000 -0.0000000000 1.0000000000 
//*************************************************
sts01ladder3#3
sts01
-57.119581 76.834016 0.000000
0.8660254038 -0.5000000000 -0.0000000000 0.5000000000 0.8660254038 -0.0000000000 0.0000000000 -0.0000000000 1.0000000000 
//*************************************************
sts01ladder3#4
sts01
-78.124912 62.483682 0.000000
0.5000000000 -0.8660254038 -0.0000000000 0.8660254038 0.5000000000 -0.0000000000 0.0000000000 -0.0000000000 1.0000000000 
//*************************************************
sts01ladder3#5
sts01
-87.884016 37.980419 0.000000
0.5000000000 -0.8660254038 -0.0000000000 0.8660254038 0.5000000000 -0.0000000000 0.0000000000 -0.0000000000 1.0000000000 
//*************************************************
sts01ladder3#6
sts01
-98.900000 15.050000 0.000000
-0.0000000000 -1.0000000000 0.0000000000 1.0000000000 -0.0000000000 -0.0000000000 0.0000000000 -0.0000000000 1.0000000000 
//*************************************************
sts01ladder3#7
sts01
-95.100000 -11.050000 0.000000
-0.0000000000 -1.0000000000 0.0000000000 1.0000000000 -0.0000000000 -0.0000000000 0.0000000000 -0.0000000000 1.0000000000 
//*************************************************
sts01ladder3#8
sts01
-93.174912 -36.416318 0.000000
-0.5000000000 -0.8660254038 0.0000000000 0.8660254038 -0.5000000000 -0.0000000000 0.0000000000 -0.0000000000 1.0000000000 
//*************************************************
sts01ladder3#9
sts01
-76.834016 -57.119581 0.000000
-0.5000000000 -0.8660254038 0.0000000000 0.8660254038 -0.5000000000 -0.0000000000 0.0000000000 -0.0000000000 1.0000000000 
//*************************************************
sts01ladder3#10
sts01
-62.483682 -78.124912 0.000000
-0.8660254038 -0.5000000000 0.0000000000 0.5000000000 -0.8660254038 -0.0000000000 0.0000000000 -0.0000000000 1.0000000000 
//*************************************************
sts01ladder3#11
sts01
-37.980419 -87.884016 0.000000
-0.8660254038 -0.5000000000 0.0000000000 0.5000000000 -0.8660254038 -0.0000000000 0.0000000000 -0.0000000000 1.0000000000 
//*************************************************
sts01ladder3#12
sts01
-15.050000 -98.900000 0.000000
-1.0000000000 0.0000000000 0.0000000000 -0.0000000000 -1.0000000000 0.0000000000 0.0000000000 -0.0000000000 1.0000000000 
//*************************************************
sts01ladder3#13
sts01
11.050000 -95.100000 0.000000
-1.0000000000 0.0000000000 0.0000000000 -0.0000000000 -1.0000000000 0.0000000000 0.0000000000 -0.0000000000 1.0000000000 
//*************************************************
sts01ladder3#14
sts01
36.416318 -93.174912 0.000000
-0.8660254038 0.5000000000 0.0000000000 -0.5000000000 -0.8660254038 0.0000000000 0.0000000000 -0.0000000000 1.0000000000 
//*************************************************
sts01ladder3#15
sts01
57.119581 -76.834016 0.000000
-0.8660254038 0.5000000000 0.0000000000 -0.5000000000 -0.8660254038 0.0000000000 0.0000000000 -0.0000000000 1.0000000000 
//*************************************************
sts01ladder3#16
sts01
78.124912 -62.483682 0.000000
-0.5000000000 0.8660254038 0.0000000000 -0.8660254038 -0.5000000000 0.0000000000 0.0000000000 -0.0000000000 1.0000000000 
//*************************************************
sts01ladder3#17
sts01
87.884016 -37.980419 0.000000
-0.5000000000 0.8660254038 0.0000000000 -0.8660254038 -0.5000000000 0.0000000000 0.0000000000 -0.0000000000 1.0000000000 
//*************************************************
sts01ladder3#18
sts01
98.900000 -15.050000 0.000000
0.0000000000 1.0000000000 -0.0000000000 -1.0000000000 0.0000000000 0.0000000000 0.0000000000 -0.0000000000 1.0000000000 
//*************************************************
sts01ladder3#19
sts01
95.100000 11.050000 0.000000
0.0000000000 1.0000000000 -0.0000000000 -1.0000000000 0.0000000000 0.0000000000 0.0000000000 -0.0000000000 1.0000000000 
//*************************************************
sts01ladder3#20
sts01
93.174912 36.416318 0.000000
0.5000000000 0.8660254038 -0.0000000000 -0.8660254038 0.5000000000 0.0000000000 0.0000000000 -0.0000000000 1.0000000000 
//*************************************************
sts01ladder3#21
sts01
76.834016 57.119581 0.000000
0.5000000000 0.8660254038 -0.0000000000 -0.8660254038 0.5000000000 0.0000000000 0.0000000000 -0.0000000000 1.0000000000 
//*************************************************
sts01ladder3#22
sts01
62.483682 78.124912 0.000000
0.8660254038 0.5000000000 -0.0000000000 -0.5000000000 0.8660254038 0.0000000000 0.0000000000 -0.0000000000 1.0000000000 
//*************************************************
sts01ladder3#23
sts01
37.980419 87.884016 0.000000
0.8660254038 0.5000000000 -0.0000000000 -0.5000000000 0.8660254038 0.0000000000 0.0000000000 -0.0000000000 1.0000000000 
//*************************************************
sts01ladder3#24
sts01
15.050000 98.900000 0.000000
1.0000000000 -0.0000000000 -0.0000000000 0.0000000000 1.0000000000 -0.0000000000 0.0000000000 -0.0000000000 1.0000000000 
//*************************************************
sts01sector13#1
sts01ladder3#1
BOX
silicon
7.550000 -0.025000 -15.050000
7.550000 0.025000 -15.050000
-7.550000 0.025000 -15.050000
-7.550000 -0.025000 -15.050000
7.550000 -0.025000 15.050000
7.550000 0.025000 15.050000
-7.550000 0.025000 15.050000
-7.550000 -0.025000 15.050000
7.550000 0.000000 -421.400000
1. 0. 0. 0. 1. 0. 0. 0. 1.
//*************************************************
sts01sector13#2
sts01ladder3#1
7.550000 0.000000 -391.300000
1. 0. 0. 0. 1. 0. 0. 0. 1.
//*************************************************
sts01sector13#3
sts01ladder3#1
7.550000 0.000000 -361.200000
1. 0. 0. 0. 1. 0. 0. 0. 1.
//*************************************************
sts01sector13#4
sts01ladder3#1
7.550000 0.000000 -331.100000
1. 0. 0. 0. 1. 0. 0. 0. 1.
//*************************************************
sts01sector13#5
sts01ladder3#1
7.550000 0.000000 -301.000000
1. 0. 0. 0. 1. 0. 0. 0. 1.
//*************************************************
sts01sector13#6
sts01ladder3#1
7.550000 0.000000 -270.900000
1. 0. 0. 0. 1. 0. 0. 0. 1.
//*************************************************
sts01sector13#7
sts01ladder3#1
7.550000 0.000000 -240.800000
1. 0. 0. 0. 1. 0. 0. 0. 1.
//*************************************************
sts01sector13#8
sts01ladder3#1
7.550000 0.000000 -210.700000
1. 0. 0. 0. 1. 0. 0. 0. 1.
//*************************************************
sts01sector13#9
sts01ladder3#1
7.550000 0.000000 -180.600000
1. 0. 0. 0. 1. 0. 0. 0. 1.
//*************************************************
sts01sector13#10
sts01ladder3#1
7.550000 0.000000 -150.500000
1. 0. 0. 0. 1. 0. 0. 0. 1.
//*************************************************
sts01sector13#11
sts01ladder3#1
7.550000 0.000000 -120.400000
1. 0. 0. 0. 1. 0. 0. 0. 1.
//*************************************************
sts01sector13#12
sts01ladder3#1
7.550000 0.000000 -90.300000
1. 0. 0. 0. 1. 0. 0. 0. 1.
//*************************************************
sts01sector13#13
sts01ladder3#1
7.550000 0.000000 -60.200000
1. 0. 0. 0. 1. 0. 0. 0. 1.
//*************************************************
sts01sector13#14
sts01ladder3#1
7.550000 0.000000 -30.100000
1. 0. 0. 0. 1. 0. 0. 0. 1.
//*************************************************
sts01sector13#15
sts01ladder3#1
7.550000 0.000000 0.000000
1. 0. 0. 0. 1. 0. 0. 0. 1.
//*************************************************
sts01sector13#16
sts01ladder3#1
7.550000 0.000000 0.000000
1. 0. 0. 0. 1. 0. 0. 0. 1.
//*************************************************
sts01sector13#17
sts01ladder3#1
7.550000 0.000000 30.100000
1. 0. 0. 0. 1. 0. 0. 0. 1.
//*************************************************
sts01sector13#18
sts01ladder3#1
7.550000 0.000000 60.200000
1. 0. 0. 0. 1. 0. 0. 0. 1.
//*************************************************
sts01sector13#19
sts01ladder3#1
7.550000 0.000000 90.300000
1. 0. 0. 0. 1. 0. 0. 0. 1.
//*************************************************
sts01sector13#20
sts01ladder3#1
7.550000 0.000000 120.400000
1. 0. 0. 0. 1. 0. 0. 0. 1.
//*************************************************
sts01sector13#21
sts01ladder3#1
7.550000 0.000000 150.500000
1. 0. 0. 0. 1. 0. 0. 0. 1.
//*************************************************
sts01sector13#22
sts01ladder3#1
7.550000 0.000000 180.600000
1. 0. 0. 0. 1. 0. 0. 0. 1.
//*************************************************
sts01sector13#23
sts01ladder3#1
7.550000 0.000000 210.700000
1. 0. 0. 0. 1. 0. 0. 0. 1.
//*************************************************
sts01sector13#24
sts01ladder3#1
7.550000 0.000000 240.800000
1. 0. 0. 0. 1. 0. 0. 0. 1.
//*************************************************
sts01sector13#25
sts01ladder3#1
7.550000 0.000000 270.900000
1. 0. 0. 0. 1. 0. 0. 0. 1.
//*************************************************
sts01sector13#26
sts01ladder3#1
7.550000 0.000000 301.000000
1. 0. 0. 0. 1. 0. 0. 0. 1.
//*************************************************
sts01sector13#27
sts01ladder3#1
7.550000 0.000000 331.100000
1. 0. 0. 0. 1. 0. 0. 0. 1.
//*************************************************
sts01sector13#28
sts01ladder3#1
7.550000 0.000000 361.200000
1. 0. 0. 0. 1. 0. 0. 0. 1.
//*************************************************
sts01sector13#29
sts01ladder3#1
7.550000 0.000000 391.300000
1. 0. 0. 0. 1. 0. 0. 0. 1.
//*************************************************
sts01sector13#30
sts01ladder3#1
7.550000 0.000000 421.400000
1. 0. 0. 0. 1. 0. 0. 0. 1.
//*************************************************
sts01sector13#31
sts01ladder3#1
7.550000 0.000000 451.500000
1. 0. 0. 0. 1. 0. 0. 0. 1.
//*************************************************
sts01sector13#32
sts01ladder3#1
-7.550000 0.000000 -421.400000
1. 0. 0. 0. 1. 0. 0. 0. 1.
//*************************************************
sts01sector13#33
sts01ladder3#1
-7.550000 0.000000 -391.300000
1. 0. 0. 0. 1. 0. 0. 0. 1.
//*************************************************
sts01sector13#34
sts01ladder3#1
-7.550000 0.000000 -361.200000
1. 0. 0. 0. 1. 0. 0. 0. 1.
//*************************************************
sts01sector13#35
sts01ladder3#1
-7.550000 0.000000 -331.100000
1. 0. 0. 0. 1. 0. 0. 0. 1.
//*************************************************
sts01sector13#36
sts01ladder3#1
-7.550000 0.000000 -301.000000
1. 0. 0. 0. 1. 0. 0. 0. 1.
//*************************************************
sts01sector13#37
sts01ladder3#1
-7.550000 0.000000 -270.900000
1. 0. 0. 0. 1. 0. 0. 0. 1.
//*************************************************
sts01sector13#38
sts01ladder3#1
-7.550000 0.000000 -240.800000
1. 0. 0. 0. 1. 0. 0. 0. 1.
//*************************************************
sts01sector13#39
sts01ladder3#1
-7.550000 0.000000 -210.700000
1. 0. 0. 0. 1. 0. 0. 0. 1.
//*************************************************
sts01sector13#40
sts01ladder3#1
-7.550000 0.000000 -180.600000
1. 0. 0. 0. 1. 0. 0. 0. 1.
//*************************************************
sts01sector13#41
sts01ladder3#1
-7.550000 0.000000 -150.500000
1. 0. 0. 0. 1. 0. 0. 0. 1.
//*************************************************
sts01sector13#42
sts01ladder3#1
-7.550000 0.000000 -120.400000
1. 0. 0. 0. 1. 0. 0. 0. 1.
//*************************************************
sts01sector13#43
sts01ladder3#1
-7.550000 0.000000 -90.300000
1. 0. 0. 0. 1. 0. 0. 0. 1.
//*************************************************
sts01sector13#44
sts01ladder3#1
-7.550000 0.000000 -60.200000
1. 0. 0. 0. 1. 0. 0. 0. 1.
//*************************************************
sts01sector13#45
sts01ladder3#1
-7.550000 0.000000 -30.100000
1. 0. 0. 0. 1. 0. 0. 0. 1.
//*************************************************
sts01sector13#46
sts01ladder3#1
-7.550000 0.000000 0.000000
1. 0. 0. 0. 1. 0. 0. 0. 1.
//*************************************************
sts01sector13#47
sts01ladder3#1
-7.550000 0.000000 0.000000
1. 0. 0. 0. 1. 0. 0. 0. 1.
//*************************************************
sts01sector13#48
sts01ladder3#1
-7.550000 0.000000 30.100000
1. 0. 0. 0. 1. 0. 0. 0. 1.
//*************************************************
sts01sector13#49
sts01ladder3#1
-7.550000 0.000000 60.200000
1. 0. 0. 0. 1. 0. 0. 0. 1.
//*************************************************
sts01sector13#50
sts01ladder3#1
-7.550000 0.000000 90.300000
1. 0. 0. 0. 1. 0. 0. 0. 1.
//*************************************************
sts01sector13#51
sts01ladder3#1
-7.550000 0.000000 120.400000
1. 0. 0. 0. 1. 0. 0. 0. 1.
//*************************************************
sts01sector13#52
sts01ladder3#1
-7.550000 0.000000 150.500000
1. 0. 0. 0. 1. 0. 0. 0. 1.
//*************************************************
sts01sector13#53
sts01ladder3#1
-7.550000 0.000000 180.600000
1. 0. 0. 0. 1. 0. 0. 0. 1.
//*************************************************
sts01sector13#54
sts01ladder3#1
-7.550000 0.000000 210.700000
1. 0. 0. 0. 1. 0. 0. 0. 1.
//*************************************************
sts01sector13#55
sts01ladder3#1
-7.550000 0.000000 240.800000
1. 0. 0. 0. 1. 0. 0. 0. 1.
//*************************************************
sts01sector13#56
sts01ladder3#1
-7.550000 0.000000 270.900000
1. 0. 0. 0. 1. 0. 0. 0. 1.
//*************************************************
sts01sector13#57
sts01ladder3#1
-7.550000 0.000000 301.000000
1. 0. 0. 0. 1. 0. 0. 0. 1.
//*************************************************
sts01sector13#58
sts01ladder3#1
-7.550000 0.000000 331.100000
1. 0. 0. 0. 1. 0. 0. 0. 1.
//*************************************************
sts01sector13#59
sts01ladder3#1
-7.550000 0.000000 361.200000
1. 0. 0. 0. 1. 0. 0. 0. 1.
//*************************************************
sts01sector13#60
sts01ladder3#1
-7.550000 0.000000 391.300000
1. 0. 0. 0. 1. 0. 0. 0. 1.
//*************************************************
sts01sector13#61
sts01ladder3#1
-7.550000 0.000000 421.400000
1. 0. 0. 0. 1. 0. 0. 0. 1.
//*************************************************
sts01sector13#62
sts01ladder3#1
-7.550000 0.000000 451.500000
1. 0. 0. 0. 1. 0. 0. 0. 1.
//*************************************************
sts01ladder4#1
sts01
BOX
air
15.150000 -0.500000 -737.450000
15.150000 0.500000 -737.450000
-15.150000 0.500000 -737.450000
-15.150000 -0.500000 -737.450000
15.150000 -0.500000 737.450000
15.150000 0.500000 737.450000
-15.150000 0.500000 737.450000
-15.150000 -0.500000 737.450000
-11.050000 144.500000 0.000000
1.0000000000 -0.0000000000 -0.0000000000 0.0000000000 1.0000000000 -0.0000000000 0.0000000000 -0.0000000000 1.0000000000 
//*************************************************
sts01ladder4#2
sts01
-36.442405 144.127942 0.000000
0.9396926208 -0.3420201433 -0.0000000000 0.3420201433 0.9396926208 -0.0000000000 0.0000000000 -0.0000000000 1.0000000000 
//*************************************************
sts01ladder4#3
sts01
-59.805514 132.006261 0.000000
0.9396926208 -0.3420201433 -0.0000000000 0.3420201433 0.9396926208 -0.0000000000 0.0000000000 -0.0000000000 1.0000000000 
//*************************************************
sts01ladder4#4
sts01
-83.539319 122.971927 0.000000
0.7660444431 -0.6427876097 -0.0000000000 0.6427876097 0.7660444431 -0.0000000000 0.0000000000 -0.0000000000 1.0000000000 
//*************************************************
sts01ladder4#5
sts01
-101.347601 103.590619 0.000000
0.7660444431 -0.6427876097 -0.0000000000 0.6427876097 0.7660444431 -0.0000000000 0.0000000000 -0.0000000000 1.0000000000 
//*************************************************
sts01ladder4#6
sts01
-120.560157 86.983682 0.000000
0.5000000000 -0.8660254038 -0.0000000000 0.8660254038 0.5000000000 -0.0000000000 0.0000000000 -0.0000000000 1.0000000000 
//*************************************************
sts01ladder4#7
sts01
-130.665671 62.680419 0.000000
0.5000000000 -0.8660254038 -0.0000000000 0.8660254038 0.5000000000 -0.0000000000 0.0000000000 -0.0000000000 1.0000000000 
//*************************************************
sts01ladder4#8
sts01
-143.039662 40.503922 0.000000
0.1736481776 -0.9848077530 -0.0000000000 0.9848077530 0.1736481776 -0.0000000000 0.0000000000 -0.0000000000 1.0000000000 
//*************************************************
sts01ladder4#9
sts01
-144.223533 14.210036 0.000000
0.1736481776 -0.9848077530 -0.0000000000 0.9848077530 0.1736481776 -0.0000000000 0.0000000000 -0.0000000000 1.0000000000 
//*************************************************
sts01ladder4#10
sts01
-148.266472 -10.861209 0.000000
-0.1736481777 -0.9848077530 0.0000000000 0.9848077530 -0.1736481777 -0.0000000000 0.0000000000 -0.0000000000 1.0000000000 
//*************************************************
sts01ladder4#11
sts01
-140.385908 -35.974287 0.000000
-0.1736481777 -0.9848077530 0.0000000000 0.9848077530 -0.1736481777 -0.0000000000 0.0000000000 -0.0000000000 1.0000000000 
//*************************************************
sts01ladder4#12
sts01
-135.610157 -60.916318 0.000000
-0.5000000000 -0.8660254038 0.0000000000 0.8660254038 -0.5000000000 -0.0000000000 0.0000000000 -0.0000000000 1.0000000000 
//*************************************************
sts01ladder4#13
sts01
-119.615671 -81.819581 0.000000
-0.5000000000 -0.8660254038 0.0000000000 0.8660254038 -0.5000000000 -0.0000000000 0.0000000000 -0.0000000000 1.0000000000 
//*************************************************
sts01ladder4#14
sts01
-106.597256 -103.624020 0.000000
-0.7660444431 -0.6427876097 0.0000000000 0.6427876097 -0.7660444431 -0.0000000000 0.0000000000 -0.0000000000 1.0000000000 
//*************************************************
sts01ladder4#15
sts01
-84.418019 -117.796225 0.000000
-0.7660444431 -0.6427876097 0.0000000000 0.6427876097 -0.7660444431 -0.0000000000 0.0000000000 -0.0000000000 1.0000000000 
//*************************************************
sts01ladder4#16
sts01
-64.727153 -133.833135 0.000000
-0.9396926208 -0.3420201433 0.0000000000 0.3420201433 -0.9396926208 -0.0000000000 0.0000000000 -0.0000000000 1.0000000000 
//*************************************************
sts01ladder4#17
sts01
-39.038307 -139.564906 0.000000
-0.9396926208 -0.3420201433 0.0000000000 0.3420201433 -0.9396926208 -0.0000000000 0.0000000000 -0.0000000000 1.0000000000 
//*************************************************
sts01ladder4#18
sts01
-15.050000 -147.900000 0.000000
-1.0000000000 0.0000000000 0.0000000000 -0.0000000000 -1.0000000000 0.0000000000 0.0000000000 -0.0000000000 1.0000000000 
//*************************************************
sts01ladder4#19
sts01
11.050000 -144.500000 0.000000
-1.0000000000 0.0000000000 0.0000000000 -0.0000000000 -1.0000000000 0.0000000000 0.0000000000 -0.0000000000 1.0000000000 
//*************************************************
sts01ladder4#20
sts01
36.442405 -144.127942 0.000000
-0.9396926208 0.3420201434 0.0000000000 -0.3420201434 -0.9396926208 0.0000000000 0.0000000000 -0.0000000000 1.0000000000 
//*************************************************
sts01ladder4#21
sts01
59.805514 -132.006261 0.000000
-0.9396926208 0.3420201434 0.0000000000 -0.3420201434 -0.9396926208 0.0000000000 0.0000000000 -0.0000000000 1.0000000000 
//*************************************************
sts01ladder4#22
sts01
83.539319 -122.971927 0.000000
-0.7660444431 0.6427876097 0.0000000000 -0.6427876097 -0.7660444431 0.0000000000 0.0000000000 -0.0000000000 1.0000000000 
