md01main
cave
TUBE
vacuum
0. 0. -2368.
3292. 3382.
0. 0. 2368.
0.000000 0.000000 0.000000
1.000000 0.000000 0.000000 0.000000 1.000000 0.000000 0.000000 0.000000 1.000000
md01dmodule#1
md01main
BOX
vacuum
 365.  0.0  0.0
 365.   90.0  0.0
 -365.0   90.0  0.0
 -365.0  0.0  0.0
 365.  0.0  4736.
 365.   90.0   4736.
 -365.0   90.0   4736.
 -365.0  0.0   4736.
-1428.345269 2965.989513 -2350.000000
0.900969 -0.433884 0.000000 0.433884 0.900969 0.000000 -0.000000 0.000000 1.000000 
md01dsec#1
md01dmodule#1
BOX
aluminium
 365.  0.0  0.0
 365.   60.0  0.0
 -365.0   60.0  0.0
 -365.0  0.0  0.0
 365.  0.0  4736.
 365.   60.0   4736
 -365.0   60.0   4736
 -365.0  0.0   4736
0. 0. 0.
1.000000 0.000000 0.000000 0.000000 1.000000 0.000000 0.000000 0.000000 1.000000
md01lad#1
md01dmodule#1
BOX
pvt
103.33 0.0 0.0
103.33 30.0 0.0
0.0 30.0 0.0 
0.0 0.0 0.0
103.33 0.0 1554.0
103.33 30.0 1664.0
0.0 30.0 1554.0
0.0 0.0 1554.0
-365.000000 80.000000 0.000000
1.000000 0.000000 0.000000 0.000000 1.000000 0.000000 0.000000 0.000000 1.000000
md01lad#2
md01dmodule#1
-239.670000 80.000000 0.000000
1.000000 0.000000 0.000000 0.000000 1.000000 0.000000 0.000000 0.000000 1.000000
md01lad#3
md01dmodule#1
-114.333400 80.000000 0.000000
1.000000 0.000000 0.000000 0.000000 1.000000 0.000000 0.000000 0.000000 1.000000
md01lad#4
md01dmodule#1
11.000000 80.000000 0.000000
1.000000 0.000000 0.000000 0.000000 1.000000 0.000000 0.000000 0.000000 1.000000
md01lad#5
md01dmodule#1
136.333330 80.000000 0.000000
1.000000 0.000000 0.000000 0.000000 1.000000 0.000000 0.000000 0.000000 1.000000
md01lad#6
md01dmodule#1
264.000000 80.000000 0.000000
1.000000 0.000000 0.000000 0.000000 1.000000 0.000000 0.000000 0.000000 1.000000
md01lad#7
md01dmodule#1
-365.000000 135.000000 1536.000000
1.000000 0.000000 0.000000 0.000000 1.000000 0.000000 0.000000 0.000000 1.000000
md01lad#8
md01dmodule#1
-239.670000 135.000000 1536.000000
1.000000 0.000000 0.000000 0.000000 1.000000 0.000000 0.000000 0.000000 1.000000
md01lad#9
md01dmodule#1
-114.333400 135.000000 1536.000000
1.000000 0.000000 0.000000 0.000000 1.000000 0.000000 0.000000 0.000000 1.000000
md01lad#10
md01dmodule#1
11.000000 135.000000 1536.000000
1.000000 0.000000 0.000000 0.000000 1.000000 0.000000 0.000000 0.000000 1.000000
md01lad#11
md01dmodule#1
136.333330 135.000000 1536.000000
1.000000 0.000000 0.000000 0.000000 1.000000 0.000000 0.000000 0.000000 1.000000
md01lad#12
md01dmodule#1
264.000000 135.000000 1536.000000
1.000000 0.000000 0.000000 0.000000 1.000000 0.000000 0.000000 0.000000 1.000000
md01lad#13
md01dmodule#1
-365.000000 80.000000 3072.000000
1.000000 0.000000 0.000000 0.000000 1.000000 0.000000 0.000000 0.000000 1.000000
md01lad#14
md01dmodule#1
-239.670000 80.000000 3072.000000
1.000000 0.000000 0.000000 0.000000 1.000000 0.000000 0.000000 0.000000 1.000000
md01lad#15
md01dmodule#1
-114.333400 80.000000 3072.000000
1.000000 0.000000 0.000000 0.000000 1.000000 0.000000 0.000000 0.000000 1.000000
md01lad#16
md01dmodule#1
11.000000 80.000000 3072.000000
1.000000 0.000000 0.000000 0.000000 1.000000 0.000000 0.000000 0.000000 1.000000
md01lad#17
md01dmodule#1
136.333330 80.000000 3072.000000
1.000000 0.000000 0.000000 0.000000 1.000000 0.000000 0.000000 0.000000 1.000000
md01lad#18
md01dmodule#1
264.000000 80.000000 3072.000000
1.000000 0.000000 0.000000 0.000000 1.000000 0.000000 0.000000 0.000000 1.000000
//************ 
md01dmodule#2
md01main
-2052.528428 2573.789240 -2350.000000
0.781831 -0.623490 0.000000 0.623490 0.781831 0.000000 -0.000000 0.000000 1.000000 
//************ 
md01dmodule#3
md01main
-2573.789240 2052.528428 -2350.000000
0.623490 -0.781831 0.000000 0.781831 0.623490 0.000000 -0.000000 0.000000 1.000000 
//************ 
md01dmodule#4
md01main
-2965.989513 1428.345269 -2350.000000
0.433884 -0.900969 0.000000 0.900969 0.433884 0.000000 -0.000000 0.000000 1.000000 
//************ 
md01dmodule#5
md01main
-3209.462687 732.538915 -2350.000000
0.222521 -0.974928 0.000000 0.974928 0.222521 0.000000 -0.000000 0.000000 1.000000 
//************ 
md01dmodule#6
md01main
-3292.000000 0.000000 -2350.000000
0.000000 -1.000000 0.000000 1.000000 0.000000 0.000000 -0.000000 0.000000 1.000000 
//************ 
md01dmodule#7
md01main
-3209.462687 -732.538915 -2350.000000
-0.222521 -0.974928 -0.000000 0.974928 -0.222521 0.000000 0.000000 0.000000 1.000000 
//************ 
md01dmodule#8
md01main
-2965.989513 -1428.345269 -2350.000000
-0.433884 -0.900969 -0.000000 0.900969 -0.433884 0.000000 0.000000 0.000000 1.000000 
//************ 
md01dmodule#9
md01main
-2573.789240 -2052.528428 -2350.000000
-0.623490 -0.781831 -0.000000 0.781831 -0.623490 0.000000 0.000000 0.000000 1.000000 
//************ 
md01dmodule#10
md01main
-2052.528428 -2573.789240 -2350.000000
-0.781831 -0.623490 -0.000000 0.623490 -0.781831 0.000000 0.000000 0.000000 1.000000 
//************ 
md01dmodule#11
md01main
-1428.345269 -2965.989513 -2350.000000
-0.900969 -0.433884 -0.000000 0.433884 -0.900969 0.000000 0.000000 0.000000 1.000000 
//************ 
md01dmodule#12
md01main
-732.538915 -3209.462687 -2350.000000
-0.974928 -0.222521 -0.000000 0.222521 -0.974928 0.000000 0.000000 0.000000 1.000000 
//************ 
md01dmodule#13
md01main
-0.000000 -3292.000000 -2350.000000
-1.000000 -0.000000 -0.000000 0.000000 -1.000000 0.000000 0.000000 0.000000 1.000000 
//************ 
md01dmodule#14
md01main
732.538915 -3209.462687 -2350.000000
-0.974928 0.222521 -0.000000 -0.222521 -0.974928 -0.000000 0.000000 0.000000 1.000000 
//************ 
md01dmodule#15
md01main
1428.345269 -2965.989513 -2350.000000
-0.900969 0.433884 -0.000000 -0.433884 -0.900969 -0.000000 0.000000 0.000000 1.000000 
//************ 
md01dmodule#16
md01main
2052.528428 -2573.789240 -2350.000000
-0.781831 0.623490 -0.000000 -0.623490 -0.781831 -0.000000 0.000000 0.000000 1.000000 
//************ 
md01dmodule#17
md01main
2573.789240 -2052.528428 -2350.000000
-0.623490 0.781831 -0.000000 -0.781831 -0.623490 -0.000000 0.000000 0.000000 1.000000 
//************ 
md01dmodule#18
md01main
2965.989513 -1428.345269 -2350.000000
-0.433884 0.900969 -0.000000 -0.900969 -0.433884 -0.000000 0.000000 0.000000 1.000000 
//************ 
md01dmodule#19
md01main
3209.462687 -732.538915 -2350.000000
-0.222521 0.974928 -0.000000 -0.974928 -0.222521 -0.000000 0.000000 0.000000 1.000000 
//************ 
md01dmodule#20
md01main
3292.000000 -0.000000 -2350.000000
-0.000000 1.000000 -0.000000 -1.000000 -0.000000 -0.000000 0.000000 0.000000 1.000000 
//************ 
md01dmodule#21
md01main
3209.462687 732.538915 -2350.000000
0.222521 0.974928 0.000000 -0.974928 0.222521 -0.000000 -0.000000 0.000000 1.000000 
//************ 
md01dmodule#22
md01main
2965.989513 1428.345269 -2350.000000
0.433884 0.900969 0.000000 -0.900969 0.433884 -0.000000 -0.000000 0.000000 1.000000 
//************ 
md01dmodule#23
md01main
2573.789240 2052.528428 -2350.000000
0.623490 0.781831 0.000000 -0.781831 0.623490 -0.000000 -0.000000 0.000000 1.000000 
//************ 
md01dmodule#24
md01main
2052.528428 2573.789240 -2350.000000
0.781831 0.623490 0.000000 -0.623490 0.781831 -0.000000 -0.000000 0.000000 1.000000 
//************ 
md01dmodule#25
md01main
1428.345269 2965.989513 -2350.000000
0.900969 0.433884 0.000000 -0.433884 0.900969 -0.000000 -0.000000 0.000000 1.000000 
//************ 
md01dmodule#26
md01main
732.538915 3209.462687 -2350.000000
0.974928 0.222521 0.000000 -0.222521 0.974928 -0.000000 -0.000000 0.000000 1.000000 
//************ 
md01dmodule#27
md01main
0.000000 3292.000000 -2368.000000
1.000000 0.000000 0.000000 -0.000000 1.000000 -0.000000 -0.000000 0.000000 1.000000  
//************ 
md01dmodule#28
md01main
-732.538915 3209.462687 -2350.000000
0.974928 -0.222521 0.000000 0.222521 0.974928 0.000000 -0.000000 0.000000 1.000000

