md01main
cave
TUBE
vacuum
0. 0. -872.
640 1000
0. 0. 872
0.000000 0.000000 0.000000
1.000000 0.000000 0.000000 0.000000 1.000000 0.000000 0.000000 0.000000 1.000000
md01dmodule#1
md01main
BOX
vacuum
 735.0  0.  0.0
 735.0   50.0  0.0
 0.0   50.0  0.0
 0.0  0.0  0.0
 735.0  0.0  1744.
 735.0   50.0   1744.
 0.0   50.0   1744.
 0.0  0.0   1744.
-367.500000 640.000000 -872.000000 
1.000000 -0.000000 0.000000 0.000000 1.000000 -0.000000 0.000000 0.000000 1.000000
md01support#1
md01dmodule#1
BOX
aluminium
735.  0.  0.
735.  10.  0.
0.  10.  0.
0.  0.  0.
735.  0.  1020.
735.  10.  1020.
0.  10.  1020.
0.  0.  1020.
0.000000 0.000000 362.000000
1.000000 0.000000 0.000000 0.000000 1.000000 0.000000 0.000000 0.000000 1.000000
md01sensor#1
md01dmodule#1
BOX
vacuum
80.  0.  0.
80.  30.  0.
0.  30.  0.
0.  0.  0.
80.  0.  1744.
80.  30.  1744.
0.  30.  1744.
0.  0.  1744.
30.000000 20.000000 0.000000
1.000000 0.000000 0.000000 0.000000 1.000000 0.000000 0.000000 0.000000 1.000000
md01alutop#1
md01sensor#1
BOX
aluminium
80.  0.  0.
80.  3.  0.
0.  3.  0.
0.  0.  0.
80.  0.  1744.
80.  3.  1744.
0.  3.  1744.
0.  0.  1744.
0.000000 0.000000 0.000000
1.000000 0.000000 0.000000 0.000000 1.000000 0.000000 0.000000 0.000000 1.000000
md01alutop#2
md01sensor#1
0.000000 27.000000 0.000000
1.000000 0.000000 0.000000 0.000000 1.000000 0.000000 0.000000 0.000000 1.000000
md01alulef#1
md01sensor#1
BOX
aluminium
3.  0.  0.
3.  24.  0.
0.  24.  0.
0.  0.  0.
3.  0.  1744.
3.  24.  1744.
0.  24.  1744.
0.  0.  1744.
0.000000 3.000000 0.000000
1.000000 0.000000 0.000000 0.000000 1.000000 0.000000 0.000000 0.000000 1.000000
md01alulef#2
md01sensor#1
77.000000 3.000000 0.000000
1.000000 0.000000 0.000000 0.000000 1.000000 0.000000 0.000000 0.000000 1.000000
md01alufro#1
md01sensor#1
BOX
aluminium
74.  0.  0.
74.  24.  0.
0.  24.  0.
0.  0.  0.
74.  0.  3.
74.  24.  3.
0.  24.  2.
0.  0.  3.
3.000000 3.000000 0.000000
1.000000 0.000000 0.000000 0.000000 1.000000 0.000000 0.000000 0.000000 1.000000
md01alufro#2
md01sensor#1
3.000000 3.000000 1741.000000
1.000000 0.000000 0.000000 0.000000 1.000000 0.000000 0.000000 0.000000 1.000000
md01scynt#1
md01sensor#1
BOX
pvt
74.  0.  0.
74.  24.  0.
0.  24.  0.
0.  0.  0.
74.  0.  1620.
74.  24.  1620.
0.  24.  1620.
0.  0.  1620.
3.000000 3.000000 62.000000
1.000000 0.000000 0.000000 0.000000 1.000000 0.000000 0.000000 0.000000 1.000000
md01sensor#2
md01dmodule#1
115.000000 20.000000 0.000000
1.000000 0.000000 0.000000 0.000000 1.000000 0.000000 0.000000 0.000000 1.000000
md01sensor#3
md01dmodule#1
200.000000 20.000000 0.000000
1.000000 0.000000 0.000000 0.000000 1.000000 0.000000 0.000000 0.000000 1.000000
md01sensor#4
md01dmodule#1
285.000000 20.000000 0.000000
1.000000 0.000000 0.000000 0.000000 1.000000 0.000000 0.000000 0.000000 1.000000
md01sensor#5
md01dmodule#1
370.000000 20.000000 0.000000
1.000000 0.000000 0.000000 0.000000 1.000000 0.000000 0.000000 0.000000 1.000000
md01sensor#6
md01dmodule#1
455.000000 20.000000 0.000000
1.000000 0.000000 0.000000 0.000000 1.000000 0.000000 0.000000 0.000000 1.000000
md01sensor#7
md01dmodule#1
540.000000 20.000000 0.000000
1.000000 0.000000 0.000000 0.000000 1.000000 0.000000 0.000000 0.000000 1.000000
md01sensor#8
md01dmodule#1
625.000000 20.000000 0.000000
1.000000 0.000000 0.000000 0.000000 1.000000 0.000000 0.000000 0.000000 1.000000
md01dmodule#2
md01main
-738.006258 1.735664 -872.000000 
0.500000 -0.866025 0.000000 0.866025 0.500000 -0.000000 0.000000 0.000000 1.000000
md01dmodule#3
md01main
-370.506258 -638.264336 -872.000000 
-0.500000 -0.866025 0.000000 0.866025 -0.500000 0.000000 0.000000 0.000000 1.000000
md01dmodule#4
md01main
367.500000 -640.000000 -872.000000 
-1.000000 -0.000000 0.000000 0.000000 -1.000000 0.000000 0.000000 0.000000 1.000000
md01dmodule#5
md01main
738.006258 -1.735664 -872.000000 
-0.500000 0.866025 -0.000000 -0.866025 -0.500000 0.000000 0.000000 0.000000 1.000000
md01dmodule#6
md01main
370.506258 638.264336 -872.000000 
0.500000 0.866025 -0.000000 -0.866025 0.500000 -0.000000 0.000000 0.000000 1.000000

