md01main
cave
TUBE
vacuum
0. 0. -872.
550 1000
0. 0. 872
0.000000 0.000000 0.000000
1.000000 0.000000 0.000000 0.000000 1.000000 0.000000 0.000000 0.000000 1.000000
md01support#1
md01main
BOX
aluminium
 630.0  0.  0.0
 630.0   10.0  0.0
 0.0   10.0  0.0
 0.0  0.0  0.0
 630.0  0.0  1020.
 630.0   10.0   1020.
 0.0   10.0   1020.
 0.0  0.0   1020.
-315.000000 550.000000 -510.000000 
1.000000 -0.000000 0.000000 0.000000 1.000000 -0.000000 0.000000 0.000000 1.000000
md01support#2
md01main
-633.813972 2.201998 -510.000000 
0.500000 -0.866025 0.000000 0.866025 0.500000 -0.000000 0.000000 0.000000 1.000000
md01support#3
md01main
-318.813972 -547.798002 -510.000000 
-0.500000 -0.866025 0.000000 0.866025 -0.500000 0.000000 0.000000 0.000000 1.000000
md01support#4
md01main
315.000000 -550.000000 -510.000000 
-1.000000 -0.000000 0.000000 0.000000 -1.000000 0.000000 0.000000 0.000000 1.000000
md01support#5
md01main
633.813972 -2.201998 -510.000000 
-0.500000 0.866025 -0.000000 -0.866025 -0.500000 0.000000 0.000000 0.000000 1.000000
md01support#6
md01main
318.813972 547.798002 -510.000000 
0.500000 0.866025 -0.000000 -0.866025 0.500000 -0.000000 0.000000 0.000000 1.000000
md01module#1
md01main
BOX
vacuum
 650.0  0.  0.0
 650.0   50.0  0.0
 0.0   50.0  0.0
 0.0  0.0  0.0
 650.0  0.0  1744.
 650.0   50.0   1744.
 0.0   50.0   1744.
 0.0  0.0   1744.
-325.500000 570.000000 -872.000000 
1.000000 -0.000000 0.000000 0.000000 1.000000 -0.000000 0.000000 0.000000 1.000000

md01sensor#1
md01module#1
BOX
vacuum
80.  0.  0.
80.  30.  0.
0.  30.  0.
0.  0.  0.
80.  0.  1744.
80.  30.  1744.
0.  30.  1744.
0.  0.  1744.
1.500000 0.000000 0.000000
1.000000 0.000000 0.000000 0.000000 1.000000 0.000000 0.000000 0.000000 1.000000
md01alutop#1
md01sensor#1
BOX
aluminium
80.  0.  0.
80.  3.  0.
0.  3.  0.
0.  0.  0.
80.  0.  1744.
80.  3.  1744.
0.  3.  1744.
0.  0.  1744.
0.000000 0.000000 0.000000
1.000000 0.000000 0.000000 0.000000 1.000000 0.000000 0.000000 0.000000 1.000000
md01alutop#2
md01sensor#1
0.000000 27.000000 0.000000
1.000000 0.000000 0.000000 0.000000 1.000000 0.000000 0.000000 0.000000 1.000000
md01alulef#1
md01sensor#1
BOX
aluminium
3.  0.  0.
3.  24.  0.
0.  24.  0.
0.  0.  0.
3.  0.  1744.
3.  24.  1744.
0.  24.  1744.
0.  0.  1744.
0.000000 3.000000 0.000000
1.000000 0.000000 0.000000 0.000000 1.000000 0.000000 0.000000 0.000000 1.000000
md01alulef#2
md01sensor#1
77.000000 3.000000 0.000000
1.000000 0.000000 0.000000 0.000000 1.000000 0.000000 0.000000 0.000000 1.000000
md01alufro#1
md01sensor#1
BOX
aluminium
74.  0.  0.
74.  24.  0.
0.  24.  0.
0.  0.  0.
74.  0.  3.
74.  24.  3.
0.  24.  2.
0.  0.  3.
3.000000 3.000000 0.000000
1.000000 0.000000 0.000000 0.000000 1.000000 0.000000 0.000000 0.000000 1.000000
md01alufro#2
md01sensor#1
3.000000 3.000000 1741.000000
1.000000 0.000000 0.000000 0.000000 1.000000 0.000000 0.000000 0.000000 1.000000
md01scynt#1
md01sensor#1
BOX
pvt
74.  0.  0.
74.  24.  0.
0.  24.  0.
0.  0.  0.
74.  0.  1620.
74.  24.  1620.
0.  24.  1620.
0.  0.  1620.
3.000000 3.000000 62.000000
1.000000 0.000000 0.000000 0.000000 1.000000 0.000000 0.000000 0.000000 1.000000
md01sensor#2
md01module#1
82.500000 0.000000 0.000000
1.000000 0.000000 0.000000 0.000000 1.000000 0.000000 0.000000 0.000000 1.000000
md01sensor#3
md01module#1
163.500000 0.000000 0.000000
1.000000 0.000000 0.000000 0.000000 1.000000 0.000000 0.000000 0.000000 1.000000
md01sensor#4
md01module#1
244.500000 0.000000 0.000000
1.000000 0.000000 0.000000 0.000000 1.000000 0.000000 0.000000 0.000000 1.000000
md01sensor#5
md01module#1
325.500000 0.000000 0.000000
1.000000 0.000000 0.000000 0.000000 1.000000 0.000000 0.000000 0.000000 1.000000
md01sensor#6
md01module#1
406.500000 0.000000 0.000000
1.000000 0.000000 0.000000 0.000000 1.000000 0.000000 0.000000 0.000000 1.000000
md01sensor#7
md01module#1
487.500000 0.000000 0.000000
1.000000 0.000000 0.000000 0.000000 1.000000 0.000000 0.000000 0.000000 1.000000
md01sensor#8
md01module#1
568.500000 0.000000 0.000000
1.000000 0.000000 0.000000 0.000000 1.000000 0.000000 0.000000 0.000000 1.000000



md01module#2
md01main
-656.384480 3.108731 -872.000000 
0.500000 -0.866025 0.000000 0.866025 0.500000 -0.000000 0.000000 0.000000 1.000000
md01module#3
md01main
-330.884480 -566.891269 -872.000000 
-0.500000 -0.866025 0.000000 0.866025 -0.500000 0.000000 0.000000 0.000000 1.000000
md01module#4
md01main
325.500000 -570.000000 -872.000000 
-1.000000 -0.000000 0.000000 0.000000 -1.000000 0.000000 0.000000 0.000000 1.000000
md01module#5
md01main
656.384480 -3.108731 -872.000000 
-0.500000 0.866025 -0.000000 -0.866025 -0.500000 0.000000 0.000000 0.000000 1.000000
md01module#6
md01main
330.884480 566.891269 -872.000000 
0.500000 0.866025 -0.000000 -0.866025 0.500000 -0.000000 0.000000 0.000000 1.000000


