//*************************************************
stt01ectmodule#1
cave
TUBE
air
0.000000 0.000000 -150.000000
499.200000 1400.000000
0.000000 0.000000 150.000000
0.000000 0.000000 2280.000000
1. 0. 0. 0. 1. 0. 0. 0. 1.
//*************************************************
stt01ectmodule#2
cave
0.000000 0.000000 -2280.000000
-1.0000000000 0.0000000000 -0.0000000000 0.0000000000 1.0000000000 -0.0000000000 0.0000000000 -0.0000000000 -1.0000000000 
//*************************************************
stt01ectmodule#3
cave
0.000000 0.000000 -2710.000000
-1.0000000000 0.0000000000 -0.0000000000 0.0000000000 1.0000000000 -0.0000000000 0.0000000000 -0.0000000000 -1.0000000000 
//*************************************************
stt01ectmodule#4
cave
0.000000 0.000000 2710.000000
1.0000000000 -0.0000000000 0.0000000000 0.0000000000 1.0000000000 0.0000000000 -0.0000000000 0.0000000000 1.0000000000 
//*************************************************
stt01inner#1
stt01ectmodule#1
TUBE
G10
0.000000 0.000000 -150.000000
499.200000 500.000000
0.000000 0.000000 150.000000
0.000000 0.000000 0.000000
1. 0. 0. 0. 1. 0. 0. 0. 1.
//*************************************************
stt01outer1#1
stt01ectmodule#1
TUBE
G10
0.000000 0.000000 -150.000000
1395.500000 1395.850000
0.000000 0.000000 150.000000
0.000000 0.000000 0.000000
1. 0. 0. 0. 1. 0. 0. 0. 1.
//*************************************************
stt01outerepox#1
stt01ectmodule#1
TUBE
epoxy
0.000000 0.000000 -150.000000
1395.850000 1399.650000
0.000000 0.000000 150.000000
0.000000 0.000000 0.000000
1. 0. 0. 0. 1. 0. 0. 0. 1.
//*************************************************
stt01outer2#1
stt01ectmodule#1
TUBE
G10
0.000000 0.000000 -150.000000
1399.650000 1400.000000
0.000000 0.000000 150.000000
0.000000 0.000000 0.000000
1. 0. 0. 0. 1. 0. 0. 0. 1.
//*************************************************
stt01ectsubmodule#1
stt01ectmodule#1
TUBE
air
0.000000 0.000000 -24.700000
500.000000 1395.500000
0.000000 0.000000 24.700000
0.000000 0.000000 -100.800000
1. 0. 0. 0. 1. 0. 0. 0. 1.
//*************************************************
stt01ectsubmodule#2
stt01ectmodule#1
0.000000 0.000000 -50.400000
1. 0. 0. 0. 1. 0. 0. 0. 1.
//*************************************************
stt01ectsubmodule#3
stt01ectmodule#1
0.000000 0.000000 0.000000
1. 0. 0. 0. 1. 0. 0. 0. 1.
//*************************************************
stt01ectsubmodule#4
stt01ectmodule#1
0.000000 0.000000 50.400000
1. 0. 0. 0. 1. 0. 0. 0. 1.
//*************************************************
stt01ectsubmodule#5
stt01ectmodule#1
0.000000 0.000000 100.800000
1. 0. 0. 0. 1. 0. 0. 0. 1.
//*************************************************
stt01ectstrawlayerradial#1
stt01ectsubmodule#1
TUBE
air
0.000000 0.000000 -2.100000
500.000000 1395.500000
0.000000 0.000000 2.100000
0.000000 0.000000 -20.000000
1. 0. 0. 0. 1. 0. 0. 0. 1.
//*************************************************
stt01ectstrawlayerleft#1
stt01ectsubmodule#1
TUBE
air
0.000000 0.000000 -2.100000
500.000000 1395.500000
0.000000 0.000000 2.100000
0.000000 0.000000 -12.000000
0.9999984769 -0.0017453284 0.0000000000 0.0017453284 0.9999984769 0.0000000000 -0.0000000000 0.0000000000 1.0000000000 
//*************************************************
stt01ectstrawlayerright#1
stt01ectsubmodule#1
TUBE
air
0.000000 0.000000 -2.100000
500.000000 1395.500000
0.000000 0.000000 2.100000
0.000000 0.000000 -4.000000
0.9999939077 -0.0034906514 0.0000000000 0.0034906514 0.9999939077 0.0000000000 -0.0000000000 0.0000000000 1.0000000000 
//*************************************************
stt01ectstrawlayerradial#2
stt01ectsubmodule#1
0.000000 0.000000 4.000000
0.9999862922 -0.0052359638 0.0000000000 0.0052359638 0.9999862922 0.0000000000 -0.0000000000 0.0000000000 1.0000000000 
//*************************************************
stt01ectstrawlayerleft#2
stt01ectsubmodule#1
0.000000 0.000000 12.000000
0.9999756307 -0.0069812603 0.0000000000 0.0069812603 0.9999756307 0.0000000000 -0.0000000000 0.0000000000 1.0000000000 
//*************************************************
stt01ectstrawlayerright#2
stt01ectsubmodule#1
0.000000 0.000000 20.000000
0.9999619231 -0.0087265355 0.0000000000 0.0087265355 0.9999619231 0.0000000000 -0.0000000000 0.0000000000 1.0000000000 
//*************************************************
stt01tuberadial#1
stt01ectstrawlayerradial#1
TUBE
kapton
0.000000 0.000000 0.000000
0.000000 2.100000
0.000000 0.000000 895.500000
499.972585 5.235892 0.000000
-0.0000000000 -0.0104717841 0.9999451694 -0.0000000000 0.9999451694 0.0104717841 -1.0000000000 0.0000000000 -0.0000000000 
//*************************************************
stt01tubeleft#1
stt01ectstrawlayerleft#1
TUBE
kapton
0.000000 0.000000 0.000000
0.000000 2.100000
0.000000 0.000000 897.895930
499.972585 5.235892 0.000000
-0.0000000000 -0.1322563903 0.9912155403 -0.0000000000 0.9912155403 0.1322563903 -1.0000000000 0.0000000000 -0.0000000000 
//*************************************************
stt01tuberight#1
stt01ectstrawlayerright#1
TUBE
kapton
0.000000 0.000000 0.000000
0.000000 2.100000
0.000000 0.000000 897.895930
499.972585 5.235892 0.000000
-0.0000000000 0.1114689322 0.9937679192 0.0000000000 0.9937679192 -0.1114689322 -1.0000000000 0.0000000000 -0.0000000000 
//*************************************************
stt01gasradial#1
stt01tuberadial#1
TUBE
arco28020
0.000000 0.000000 0.000000
0.000000 2.000000
0.000000 0.000000 895.500000
0. 0. 0.
1. 0. 0. 0. 1. 0. 0. 0. 1.
//*************************************************
stt01gasleft#1
stt01tubeleft#1
TUBE
arco28020
0.000000 0.000000 0.000000
0.000000 2.000000
0.000000 0.000000 897.895930
0. 0. 0.
1. 0. 0. 0. 1. 0. 0. 0. 1.
//*************************************************
stt01gasright#1
stt01tuberight#1
TUBE
arco28020
0.000000 0.000000 0.000000
0.000000 2.000000
0.000000 0.000000 897.895930
0. 0. 0.
1. 0. 0. 0. 1. 0. 0. 0. 1.
//*************************************************
stt01wiregoldradial#1
stt01gasradial#1
TUBE
gold
0.000000 0.000000 0.000000
0.000000 0.017000
0.000000 0.000000 895.500000
0. 0. 0.
1. 0. 0. 0. 1. 0. 0. 0. 1.
//*************************************************
stt01wiregoldleft#1
stt01gasleft#1
TUBE
gold
0.000000 0.000000 0.000000
0.000000 0.017000
0.000000 0.000000 897.895930
0. 0. 0.
1. 0. 0. 0. 1. 0. 0. 0. 1.
//*************************************************
stt01wiregoldright#1
stt01gasright#1
TUBE
gold
0.000000 0.000000 0.000000
0.000000 0.017000
0.000000 0.000000 897.895930
0. 0. 0.
1. 0. 0. 0. 1. 0. 0. 0. 1.
//*************************************************
stt01wireradial#1
stt01wiregoldradial#1
TUBE
tungsten
0.000000 0.000000 0.000000
0.000000 0.015000
0.000000 0.000000 895.500000
0. 0. 0.
1. 0. 0. 0. 1. 0. 0. 0. 1.
//*************************************************
stt01wireleft#1
stt01wiregoldleft#1
TUBE
tungsten
0.000000 0.000000 0.000000
0.000000 0.015000
0.000000 0.000000 897.895930
0. 0. 0.
1. 0. 0. 0. 1. 0. 0. 0. 1.
//*************************************************
stt01wireright#1
stt01wiregoldright#1
TUBE
tungsten
0.000000 0.000000 0.000000
0.000000 0.015000
0.000000 0.000000 897.895930
0. 0. 0.
1. 0. 0. 0. 1. 0. 0. 0. 1.
//*************************************************
stt01tuberadial#2
stt01ectstrawlayerradial#1
499.890342 10.471210 0.000000
-0.0000000000 -0.0209424199 0.9997806835 -0.0000000000 0.9997806835 0.0209424199 -1.0000000000 0.0000000000 -0.0000000000 
//*************************************************
stt01tubeleft#2
stt01ectstrawlayerleft#1
499.890342 10.471210 0.000000
-0.0000000000 -0.1426289337 0.9897762309 -0.0000000000 0.9897762309 0.1426289337 -1.0000000000 0.0000000000 -0.0000000000 
//*************************************************
stt01tuberight#2
stt01ectstrawlayerright#1
499.890342 10.471210 0.000000
-0.0000000000 0.1010562972 0.9948807088 0.0000000000 0.9948807088 -0.1010562972 -1.0000000000 0.0000000000 -0.0000000000 
//*************************************************
stt01tuberadial#3
stt01ectstrawlayerradial#1
499.753280 15.705380 0.000000
-0.0000000000 -0.0314107591 0.9995065604 -0.0000000000 0.9995065604 0.0314107591 -1.0000000000 0.0000000000 -0.0000000000 
//*************************************************
stt01tubeleft#3
stt01ectstrawlayerleft#1
499.753280 15.705380 0.000000
-0.0000000000 -0.1529858363 0.9882283814 -0.0000000000 0.9882283814 0.1529858363 -1.0000000000 0.0000000000 -0.0000000000 
//*************************************************
stt01tuberight#3
stt01ectstrawlayerright#1
499.753280 15.705380 0.000000
-0.0000000000 0.0906325802 0.9958843986 0.0000000000 0.9958843986 -0.0906325802 -1.0000000000 0.0000000000 -0.0000000000 
//*************************************************
stt01tuberadial#4
stt01ectstrawlayerradial#1
499.561415 20.937827 0.000000
-0.0000000000 -0.0418756537 0.9991228301 -0.0000000000 0.9991228301 0.0418756537 -1.0000000000 0.0000000000 -0.0000000000 
//*************************************************
stt01tubeleft#4
stt01ectstrawlayerleft#1
499.561415 20.937827 0.000000
-0.0000000000 -0.1633259622 0.9865721616 -0.0000000000 0.9865721616 0.1633259622 -1.0000000000 0.0000000000 -0.0000000000 
//*************************************************
stt01tuberight#4
stt01ectstrawlayerright#1
499.561415 20.937827 0.000000
-0.0000000000 0.0801989243 0.9967788785 0.0000000000 0.9967788785 -0.0801989243 -1.0000000000 0.0000000000 -0.0000000000 
//*************************************************
stt01tuberadial#5
stt01ectstrawlayerradial#1
499.314767 26.167978 0.000000
-0.0000000000 -0.0523359562 0.9986295348 -0.0000000000 0.9986295348 0.0523359562 -1.0000000000 0.0000000000 -0.0000000000 
//*************************************************
stt01tubeleft#5
stt01ectstrawlayerleft#1
499.314767 26.167978 0.000000
-0.0000000000 -0.1736481777 0.9848077530 -0.0000000000 0.9848077530 0.1736481777 -1.0000000000 0.0000000000 -0.0000000000 
//*************************************************
stt01tuberight#5
stt01ectstrawlayerright#1
499.314767 26.167978 0.000000
-0.0000000000 0.0697564737 0.9975640503 0.0000000000 0.9975640503 -0.0697564737 -1.0000000000 0.0000000000 -0.0000000000 
//*************************************************
stt01tuberadial#6
stt01ectstrawlayerradial#1
499.013364 31.395260 0.000000
-0.0000000000 -0.0627905195 0.9980267284 -0.0000000000 0.9980267284 0.0627905195 -1.0000000000 0.0000000000 -0.0000000000 
//*************************************************
stt01tubeleft#6
stt01ectstrawlayerleft#1
499.013364 31.395260 0.000000
-0.0000000000 -0.1839513506 0.9829353491 -0.0000000000 0.9829353491 0.1839513506 -1.0000000000 0.0000000000 -0.0000000000 
//*************************************************
stt01tuberight#6
stt01ectstrawlayerright#1
499.013364 31.395260 0.000000
-0.0000000000 0.0593063736 0.9982398279 0.0000000000 0.9982398279 -0.0593063736 -1.0000000000 0.0000000000 -0.0000000000 
//*************************************************
stt01tuberadial#7
stt01ectstrawlayerradial#1
498.657239 36.619099 0.000000
-0.0000000000 -0.0732381971 0.9973144772 -0.0000000000 0.9973144772 0.0732381971 -1.0000000000 0.0000000000 -0.0000000000 
//*************************************************
stt01tubeleft#7
stt01ectstrawlayerleft#1
498.657239 36.619099 0.000000
-0.0000000000 -0.1942343512 0.9809551553 -0.0000000000 0.9809551553 0.1942343512 -1.0000000000 0.0000000000 -0.0000000000 
//*************************************************
stt01tuberight#7
stt01ectstrawlayerright#1
498.657239 36.619099 0.000000
-0.0000000000 0.0488497698 0.9988061373 0.0000000000 0.9988061373 -0.0488497698 -1.0000000000 0.0000000000 -0.0000000000 
//*************************************************
stt01tuberadial#8
stt01ectstrawlayerradial#1
498.246430 41.838922 0.000000
-0.0000000000 -0.0836778433 0.9964928592 -0.0000000000 0.9964928592 0.0836778433 -1.0000000000 0.0000000000 -0.0000000000 
//*************************************************
stt01tubeleft#8
stt01ectstrawlayerleft#1
498.246430 41.838922 0.000000
-0.0000000000 -0.2044960518 0.9788673888 -0.0000000000 0.9788673888 0.2044960518 -1.0000000000 0.0000000000 -0.0000000000 
//*************************************************
stt01tuberight#8
stt01ectstrawlayerright#1
498.246430 41.838922 0.000000
-0.0000000000 0.0383878091 0.9992629164 0.0000000000 0.9992629164 -0.0383878091 -1.0000000000 0.0000000000 -0.0000000000 
//*************************************************
stt01tuberadial#9
stt01ectstrawlayerradial#1
497.780982 47.054157 0.000000
-0.0000000000 -0.0941083133 0.9955619646 -0.0000000000 0.9955619646 0.0941083133 -1.0000000000 0.0000000000 -0.0000000000 
//*************************************************
stt01tubeleft#9
stt01ectstrawlayerleft#1
497.780982 47.054157 0.000000
-0.0000000000 -0.2147353272 0.9766722783 -0.0000000000 0.9766722783 0.2147353272 -1.0000000000 0.0000000000 -0.0000000000 
//*************************************************
stt01tuberight#9
stt01ectstrawlayerright#1
497.780982 47.054157 0.000000
-0.0000000000 0.0279216387 0.9996101150 0.0000000000 0.9996101150 -0.0279216387 -1.0000000000 0.0000000000 -0.0000000000 
//*************************************************
stt01tuberadial#10
stt01ectstrawlayerradial#1
497.260948 52.264232 0.000000
-0.0000000000 -0.1045284633 0.9945218954 -0.0000000000 0.9945218954 0.1045284633 -1.0000000000 0.0000000000 -0.0000000000 
//*************************************************
stt01tubeleft#10
stt01ectstrawlayerleft#1
497.260948 52.264232 0.000000
-0.0000000000 -0.2249510543 0.9743700648 -0.0000000000 0.9743700648 0.2249510543 -1.0000000000 0.0000000000 -0.0000000000 
//*************************************************
stt01tuberight#10
stt01ectstrawlayerright#1
497.260948 52.264232 0.000000
-0.0000000000 0.0174524064 0.9998476952 0.0000000000 0.9998476952 -0.0174524064 -1.0000000000 0.0000000000 -0.0000000000 
//*************************************************
stt01tuberadial#11
stt01ectstrawlayerradial#1
496.686383 57.468575 0.000000
-0.0000000000 -0.1149371505 0.9933727656 -0.0000000000 0.9933727656 0.1149371505 -1.0000000000 0.0000000000 -0.0000000000 
//*************************************************
stt01tubeleft#11
stt01ectstrawlayerleft#1
496.686383 57.468575 0.000000
-0.0000000000 -0.2351421131 0.9719610006 -0.0000000000 0.9719610006 0.2351421131 -1.0000000000 0.0000000000 -0.0000000000 
//*************************************************
stt01tuberight#11
stt01ectstrawlayerright#1
496.686383 57.468575 0.000000
-0.0000000000 0.0069812603 0.9999756307 0.0000000000 0.9999756307 -0.0069812603 -1.0000000000 0.0000000000 -0.0000000000 
//*************************************************
stt01tuberadial#12
stt01ectstrawlayerradial#1
496.057351 62.666617 0.000000
-0.0000000000 -0.1253332336 0.9921147013 -0.0000000000 0.9921147013 0.1253332336 -1.0000000000 0.0000000000 -0.0000000000 
//*************************************************
stt01tubeleft#12
stt01ectstrawlayerleft#1
496.057351 62.666617 0.000000
-0.0000000000 -0.2453073859 0.9694453499 -0.0000000000 0.9694453499 0.2453073859 -1.0000000000 0.0000000000 -0.0000000000 
//*************************************************
stt01tuberight#12
stt01ectstrawlayerright#1
496.057351 62.666617 0.000000
-0.0000000000 -0.0034906514 0.9999939077 -0.0000000000 0.9999939077 0.0034906514 -1.0000000000 0.0000000000 -0.0000000000 
//*************************************************
stt01tuberadial#13
stt01ectstrawlayerradial#1
495.373920 67.857786 0.000000
-0.0000000000 -0.1357155724 0.9907478405 -0.0000000000 0.9907478405 0.1357155724 -1.0000000000 0.0000000000 -0.0000000000 
//*************************************************
stt01tubeleft#13
stt01ectstrawlayerleft#1
495.373920 67.857786 0.000000
-0.0000000000 -0.2554457579 0.9668233886 -0.0000000000 0.9668233886 0.2554457579 -1.0000000000 0.0000000000 -0.0000000000 
//*************************************************
stt01tuberight#13
stt01ectstrawlayerright#1
495.373920 67.857786 0.000000
-0.0000000000 -0.0139621803 0.9999025240 -0.0000000000 0.9999025240 0.0139621803 -1.0000000000 0.0000000000 -0.0000000000 
//*************************************************
stt01tuberadial#14
stt01ectstrawlayerradial#1
494.636166 73.041514 0.000000
-0.0000000000 -0.1460830286 0.9892723330 -0.0000000000 0.9892723330 0.1460830286 -1.0000000000 0.0000000000 -0.0000000000 
//*************************************************
stt01tubeleft#14
stt01ectstrawlayerleft#1
494.636166 73.041514 0.000000
-0.0000000000 -0.2655561175 0.9640954042 -0.0000000000 0.9640954042 0.2655561175 -1.0000000000 0.0000000000 -0.0000000000 
//*************************************************
stt01tuberight#14
stt01ectstrawlayerright#1
494.636166 73.041514 0.000000
-0.0000000000 -0.0244321782 0.9997014898 -0.0000000000 0.9997014898 0.0244321782 -1.0000000000 0.0000000000 -0.0000000000 
//*************************************************
stt01tuberadial#15
stt01ectstrawlayerradial#1
493.844170 78.217233 0.000000
-0.0000000000 -0.1564344650 0.9876883406 -0.0000000000 0.9876883406 0.1564344650 -1.0000000000 0.0000000000 -0.0000000000 
//*************************************************
stt01tubeleft#15
stt01ectstrawlayerleft#1
493.844170 78.217233 0.000000
-0.0000000000 -0.2756373558 0.9612616959 -0.0000000000 0.9612616959 0.2756373558 -1.0000000000 0.0000000000 -0.0000000000 
//*************************************************
stt01tuberight#15
stt01ectstrawlayerright#1
493.844170 78.217233 0.000000
-0.0000000000 -0.0348994967 0.9993908270 -0.0000000000 0.9993908270 0.0348994967 -1.0000000000 0.0000000000 -0.0000000000 
//*************************************************
stt01tuberadial#16
stt01ectstrawlayerradial#1
492.998019 83.384373 0.000000
-0.0000000000 -0.1667687467 0.9859960371 -0.0000000000 0.9859960371 0.1667687467 -1.0000000000 0.0000000000 -0.0000000000 
//*************************************************
stt01tubeleft#16
stt01ectstrawlayerleft#1
492.998019 83.384373 0.000000
-0.0000000000 -0.2856883674 0.9583225745 -0.0000000000 0.9583225745 0.2856883674 -1.0000000000 0.0000000000 -0.0000000000 
//*************************************************
stt01tuberight#16
stt01ectstrawlayerright#1
492.998019 83.384373 0.000000
-0.0000000000 -0.0453629881 0.9989705698 -0.0000000000 0.9989705698 0.0453629881 -1.0000000000 0.0000000000 -0.0000000000 
//*************************************************
stt01tuberadial#17
stt01ectstrawlayerradial#1
492.097804 88.542370 0.000000
-0.0000000000 -0.1770847403 0.9841956080 -0.0000000000 0.9841956080 0.1770847403 -1.0000000000 0.0000000000 -0.0000000000 
//*************************************************
stt01tubeleft#17
stt01ectstrawlayerleft#1
492.097804 88.542370 0.000000
-0.0000000000 -0.2957080500 0.9552783621 -0.0000000000 0.9552783621 0.2957080500 -1.0000000000 0.0000000000 -0.0000000000 
//*************************************************
stt01tuberight#17
stt01ectstrawlayerright#1
492.097804 88.542370 0.000000
-0.0000000000 -0.0558215050 0.9984407642 -0.0000000000 0.9984407642 0.0558215050 -1.0000000000 0.0000000000 -0.0000000000 
//*************************************************
stt01tuberadial#18
stt01ectstrawlayerradial#1
491.143625 93.690657 0.000000
-0.0000000000 -0.1873813146 0.9822872507 -0.0000000000 0.9822872507 0.1873813146 -1.0000000000 0.0000000000 -0.0000000000 
//*************************************************
stt01tubeleft#18
stt01ectstrawlayerleft#1
491.143625 93.690657 0.000000
-0.0000000000 -0.3056953050 0.9521293927 -0.0000000000 0.9521293927 0.3056953050 -1.0000000000 0.0000000000 -0.0000000000 
//*************************************************
stt01tuberight#18
stt01ectstrawlayerright#1
491.143625 93.690657 0.000000
-0.0000000000 -0.0662739004 0.9978014683 -0.0000000000 0.9978014683 0.0662739004 -1.0000000000 0.0000000000 -0.0000000000 
//*************************************************
stt01tuberadial#19
stt01ectstrawlayerradial#1
490.135587 98.828670 0.000000
-0.0000000000 -0.1976573404 0.9802711746 -0.0000000000 0.9802711746 0.1976573404 -1.0000000000 0.0000000000 -0.0000000000 
//*************************************************
stt01tubeleft#19
stt01ectstrawlayerleft#1
490.135587 98.828670 0.000000
-0.0000000000 -0.3156490369 0.9488760116 -0.0000000000 0.9488760116 0.3156490369 -1.0000000000 0.0000000000 -0.0000000000 
//*************************************************
stt01tuberight#19
stt01ectstrawlayerright#1
490.135587 98.828670 0.000000
-0.0000000000 -0.0767190281 0.9970527522 -0.0000000000 0.9970527522 0.0767190281 -1.0000000000 0.0000000000 -0.0000000000 
//*************************************************
stt01tuberadial#20
stt01ectstrawlayerradial#1
489.073800 103.955845 0.000000
-0.0000000000 -0.2079116908 0.9781476007 -0.0000000000 0.9781476007 0.2079116908 -1.0000000000 0.0000000000 -0.0000000000 
//*************************************************
stt01tubeleft#20
stt01ectstrawlayerleft#1
489.073800 103.955845 0.000000
-0.0000000000 -0.3255681545 0.9455185756 -0.0000000000 0.9455185756 0.3255681545 -1.0000000000 0.0000000000 -0.0000000000 
//*************************************************
stt01tuberight#20
stt01ectstrawlayerright#1
489.073800 103.955845 0.000000
-0.0000000000 -0.0871557427 0.9961946981 -0.0000000000 0.9961946981 0.0871557427 -1.0000000000 0.0000000000 -0.0000000000 
//*************************************************
stt01tuberadial#21
stt01ectstrawlayerradial#1
487.958381 109.071621 0.000000
-0.0000000000 -0.2181432414 0.9759167619 -0.0000000000 0.9759167619 0.2181432414 -1.0000000000 0.0000000000 -0.0000000000 
//*************************************************
stt01tubeleft#21
stt01ectstrawlayerleft#1
487.958381 109.071621 0.000000
-0.0000000000 -0.3354515698 0.9420574528 -0.0000000000 0.9420574528 0.3354515698 -1.0000000000 0.0000000000 -0.0000000000 
//*************************************************
stt01tuberight#21
stt01ectstrawlayerright#1
487.958381 109.071621 0.000000
-0.0000000000 -0.0975828998 0.9952274000 -0.0000000000 0.9952274000 0.0975828998 -1.0000000000 0.0000000000 -0.0000000000 
//*************************************************
stt01tuberadial#22
stt01ectstrawlayerradial#1
486.789451 114.175435 0.000000
-0.0000000000 -0.2283508701 0.9735789029 -0.0000000000 0.9735789029 0.2283508701 -1.0000000000 0.0000000000 -0.0000000000 
//*************************************************
stt01tubeleft#22
stt01ectstrawlayerleft#1
486.789451 114.175435 0.000000
-0.0000000000 -0.3452981990 0.9384930228 -0.0000000000 0.9384930228 0.3452981990 -1.0000000000 0.0000000000 -0.0000000000 
//*************************************************
stt01tuberight#22
stt01ectstrawlayerright#1
486.789451 114.175435 0.000000
-0.0000000000 -0.1079993557 0.9941509640 -0.0000000000 0.9941509640 0.1079993557 -1.0000000000 0.0000000000 -0.0000000000 
//*************************************************
stt01tuberadial#23
stt01ectstrawlayerradial#1
485.567140 119.266729 0.000000
-0.0000000000 -0.2385334576 0.9711342799 -0.0000000000 0.9711342799 0.2385334576 -1.0000000000 0.0000000000 -0.0000000000 
//*************************************************
stt01tubeleft#23
stt01ectstrawlayerleft#1
485.567140 119.266729 0.000000
-0.0000000000 -0.3551069624 0.9348256764 -0.0000000000 0.9348256764 0.3551069624 -1.0000000000 0.0000000000 -0.0000000000 
//*************************************************
stt01tuberight#23
stt01ectstrawlayerright#1
485.567140 119.266729 0.000000
-0.0000000000 -0.1184039683 0.9929655081 -0.0000000000 0.9929655081 0.1184039683 -1.0000000000 0.0000000000 -0.0000000000 
//*************************************************
stt01tuberadial#24
stt01ectstrawlayerradial#1
484.291581 124.344944 0.000000
-0.0000000000 -0.2486898872 0.9685831611 -0.0000000000 0.9685831611 0.2486898872 -1.0000000000 0.0000000000 -0.0000000000 
//*************************************************
stt01tubeleft#24
stt01ectstrawlayerleft#1
484.291581 124.344944 0.000000
-0.0000000000 -0.3648767843 0.9310558159 -0.0000000000 0.9310558159 0.3648767843 -1.0000000000 0.0000000000 -0.0000000000 
//*************************************************
stt01tuberight#24
stt01ectstrawlayerright#1
484.291581 124.344944 0.000000
-0.0000000000 -0.1287955966 0.9916711624 -0.0000000000 0.9916711624 0.1287955966 -1.0000000000 0.0000000000 -0.0000000000 
//*************************************************
stt01tuberadial#25
stt01ectstrawlayerradial#1
482.962913 129.409523 0.000000
-0.0000000000 -0.2588190451 0.9659258263 -0.0000000000 0.9659258263 0.2588190451 -1.0000000000 0.0000000000 -0.0000000000 
//*************************************************
stt01tubeleft#25
stt01ectstrawlayerleft#1
482.962913 129.409523 0.000000
-0.0000000000 -0.3746065934 0.9271838546 -0.0000000000 0.9271838546 0.3746065934 -1.0000000000 0.0000000000 -0.0000000000 
//*************************************************
stt01tuberight#25
stt01ectstrawlayerright#1
482.962913 129.409523 0.000000
-0.0000000000 -0.1391731010 0.9902680687 -0.0000000000 0.9902680687 0.1391731010 -1.0000000000 0.0000000000 -0.0000000000 
//*************************************************
stt01tuberadial#26
stt01ectstrawlayerradial#1
481.581283 134.459910 0.000000
-0.0000000000 -0.2689198206 0.9631625668 -0.0000000000 0.9631625668 0.2689198206 -1.0000000000 0.0000000000 -0.0000000000 
//*************************************************
stt01tubeleft#26
stt01ectstrawlayerleft#1
481.581283 134.459910 0.000000
-0.0000000000 -0.3842953227 0.9232102171 -0.0000000000 0.9232102171 0.3842953227 -1.0000000000 0.0000000000 -0.0000000000 
//*************************************************
stt01tuberight#26
stt01ectstrawlayerright#1
481.581283 134.459910 0.000000
-0.0000000000 -0.1495353434 0.9887563810 -0.0000000000 0.9887563810 0.1495353434 -1.0000000000 0.0000000000 -0.0000000000 
//*************************************************
stt01tuberadial#27
stt01ectstrawlayerradial#1
480.146843 139.495553 0.000000
-0.0000000000 -0.2789911060 0.9602936857 -0.0000000000 0.9602936857 0.2789911060 -1.0000000000 0.0000000000 -0.0000000000 
//*************************************************
stt01tubeleft#27
stt01ectstrawlayerleft#1
480.146843 139.495553 0.000000
-0.0000000000 -0.3939419096 0.9191353393 -0.0000000000 0.9191353393 0.3939419096 -1.0000000000 0.0000000000 -0.0000000000 
//*************************************************
stt01tuberight#27
stt01ectstrawlayerright#1
480.146843 139.495553 0.000000
-0.0000000000 -0.1598811877 0.9871362651 -0.0000000000 0.9871362651 0.1598811877 -1.0000000000 0.0000000000 -0.0000000000 
//*************************************************
stt01tuberadial#28
stt01ectstrawlayerradial#1
478.659749 144.515898 0.000000
-0.0000000000 -0.2890317969 0.9573194975 -0.0000000000 0.9573194975 0.2890317969 -1.0000000000 0.0000000000 -0.0000000000 
//*************************************************
stt01tubeleft#28
stt01ectstrawlayerleft#1
478.659749 144.515898 0.000000
-0.0000000000 -0.4035452964 0.9149596678 -0.0000000000 0.9149596678 0.4035452964 -1.0000000000 0.0000000000 -0.0000000000 
//*************************************************
stt01tuberight#28
stt01ectstrawlayerright#1
478.659749 144.515898 0.000000
-0.0000000000 -0.1702094992 0.9854078985 -0.0000000000 0.9854078985 0.1702094992 -1.0000000000 0.0000000000 -0.0000000000 
//*************************************************
stt01tuberadial#29
stt01ectstrawlayerradial#1
477.120164 149.520396 0.000000
-0.0000000000 -0.2990407923 0.9542403285 -0.0000000000 0.9542403285 0.2990407923 -1.0000000000 0.0000000000 -0.0000000000 
//*************************************************
stt01tubeleft#29
stt01ectstrawlayerleft#1
477.120164 149.520396 0.000000
-0.0000000000 -0.4131044298 0.9106836608 -0.0000000000 0.9106836608 0.4131044298 -1.0000000000 0.0000000000 -0.0000000000 
//*************************************************
stt01tuberight#29
stt01ectstrawlayerright#1
477.120164 149.520396 0.000000
-0.0000000000 -0.1805191453 0.9835714708 -0.0000000000 0.9835714708 0.1805191453 -1.0000000000 0.0000000000 -0.0000000000 
//*************************************************
stt01tuberadial#30
stt01ectstrawlayerradial#1
475.528258 154.508497 0.000000
-0.0000000000 -0.3090169944 0.9510565163 -0.0000000000 0.9510565163 0.3090169944 -1.0000000000 0.0000000000 -0.0000000000 
//*************************************************
stt01tubeleft#30
stt01ectstrawlayerleft#1
475.528258 154.508497 0.000000
-0.0000000000 -0.4226182617 0.9063077870 -0.0000000000 0.9063077870 0.4226182617 -1.0000000000 0.0000000000 -0.0000000000 
//*************************************************
stt01tuberight#30
stt01ectstrawlayerright#1
475.528258 154.508497 0.000000
-0.0000000000 -0.1908089954 0.9816271834 -0.0000000000 0.9816271834 0.1908089954 -1.0000000000 0.0000000000 -0.0000000000 
//*************************************************
stt01tuberadial#31
stt01ectstrawlayerradial#1
473.884205 159.479655 0.000000
-0.0000000000 -0.3189593093 0.9477684100 -0.0000000000 0.9477684100 0.3189593093 -1.0000000000 0.0000000000 -0.0000000000 
//*************************************************
stt01tubeleft#31
stt01ectstrawlayerleft#1
473.884205 159.479655 0.000000
-0.0000000000 -0.4320857488 0.9018325264 -0.0000000000 0.9018325264 0.4320857488 -1.0000000000 0.0000000000 -0.0000000000 
//*************************************************
stt01tuberight#31
stt01ectstrawlayerright#1
473.884205 159.479655 0.000000
-0.0000000000 -0.2010779211 0.9795752496 -0.0000000000 0.9795752496 0.2010779211 -1.0000000000 0.0000000000 -0.0000000000 
//*************************************************
stt01tuberadial#32
stt01ectstrawlayerradial#1
472.188185 164.433323 0.000000
-0.0000000000 -0.3288666467 0.9443763702 -0.0000000000 0.9443763702 0.3288666467 -1.0000000000 0.0000000000 -0.0000000000 
//*************************************************
stt01tubeleft#32
stt01ectstrawlayerleft#1
472.188185 164.433323 0.000000
-0.0000000000 -0.4415058528 0.8972583697 -0.0000000000 0.8972583697 0.4415058528 -1.0000000000 0.0000000000 -0.0000000000 
//*************************************************
stt01tuberight#32
stt01ectstrawlayerright#1
472.188185 164.433323 0.000000
-0.0000000000 -0.2113247965 0.9774158943 -0.0000000000 0.9774158943 0.2113247965 -1.0000000000 0.0000000000 -0.0000000000 
//*************************************************
stt01tuberadial#33
stt01ectstrawlayerradial#1
470.440384 169.368960 0.000000
-0.0000000000 -0.3387379202 0.9408807690 -0.0000000000 0.9408807690 0.3387379202 -1.0000000000 0.0000000000 -0.0000000000 
//*************************************************
stt01tubeleft#33
stt01ectstrawlayerleft#1
470.440384 169.368960 0.000000
-0.0000000000 -0.4508775407 0.8925858185 -0.0000000000 0.8925858185 0.4508775407 -1.0000000000 0.0000000000 -0.0000000000 
//*************************************************
stt01tuberight#33
stt01ectstrawlayerright#1
470.440384 169.368960 0.000000
-0.0000000000 -0.2215484976 0.9751493543 -0.0000000000 0.9751493543 0.2215484976 -1.0000000000 0.0000000000 -0.0000000000 
//*************************************************
stt01tuberadial#34
stt01ectstrawlayerradial#1
468.640995 174.286024 0.000000
-0.0000000000 -0.3485720473 0.9372819895 -0.0000000000 0.9372819895 0.3485720473 -1.0000000000 0.0000000000 -0.0000000000 
//*************************************************
stt01tubeleft#34
stt01ectstrawlayerleft#1
468.640995 174.286024 0.000000
-0.0000000000 -0.4601997848 0.8878153851 -0.0000000000 0.8878153851 0.4601997848 -1.0000000000 0.0000000000 -0.0000000000 
//*************************************************
stt01tuberight#34
stt01ectstrawlayerright#1
468.640995 174.286024 0.000000
-0.0000000000 -0.2317479035 0.9727758782 -0.0000000000 0.9727758782 0.2317479035 -1.0000000000 0.0000000000 -0.0000000000 
//*************************************************
stt01tuberadial#35
stt01ectstrawlayerradial#1
466.790213 179.183975 0.000000
-0.0000000000 -0.3583679495 0.9335804265 -0.0000000000 0.9335804265 0.3583679495 -1.0000000000 0.0000000000 -0.0000000000 
//*************************************************
stt01tubeleft#35
stt01ectstrawlayerleft#1
466.790213 179.183975 0.000000
-0.0000000000 -0.4694715628 0.8829475929 -0.0000000000 0.8829475929 0.4694715628 -1.0000000000 0.0000000000 -0.0000000000 
//*************************************************
stt01tuberight#35
stt01ectstrawlayerright#1
466.790213 179.183975 0.000000
-0.0000000000 -0.2419218956 0.9702957263 -0.0000000000 0.9702957263 0.2419218956 -1.0000000000 0.0000000000 -0.0000000000 
//*************************************************
stt01tuberadial#36
stt01ectstrawlayerradial#1
464.888243 184.062276 0.000000
-0.0000000000 -0.3681245527 0.9297764859 -0.0000000000 0.9297764859 0.3681245527 -1.0000000000 0.0000000000 -0.0000000000 
//*************************************************
stt01tubeleft#36
stt01ectstrawlayerleft#1
464.888243 184.062276 0.000000
-0.0000000000 -0.4786918579 0.8779829754 -0.0000000000 0.8779829754 0.4786918579 -1.0000000000 0.0000000000 -0.0000000000 
//*************************************************
stt01tuberight#36
stt01ectstrawlayerright#1
464.888243 184.062276 0.000000
-0.0000000000 -0.2520693582 0.9677091705 -0.0000000000 0.9677091705 0.2520693582 -1.0000000000 0.0000000000 -0.0000000000 
//*************************************************
stt01tuberadial#37
stt01ectstrawlayerradial#1
462.935292 188.920393 0.000000
-0.0000000000 -0.3778407868 0.9258705848 -0.0000000000 0.9258705848 0.3778407868 -1.0000000000 0.0000000000 -0.0000000000 
//*************************************************
stt01tubeleft#37
stt01ectstrawlayerleft#1
462.935292 188.920393 0.000000
-0.0000000000 -0.4878596591 0.8729220773 -0.0000000000 0.8729220773 0.4878596591 -1.0000000000 0.0000000000 -0.0000000000 
//*************************************************
stt01tuberight#37
stt01ectstrawlayerright#1
462.935292 188.920393 0.000000
-0.0000000000 -0.2621891786 0.9650164945 -0.0000000000 0.9650164945 0.2621891786 -1.0000000000 0.0000000000 -0.0000000000 
//*************************************************
stt01tuberadial#38
stt01ectstrawlayerradial#1
460.931576 193.757793 0.000000
-0.0000000000 -0.3875155865 0.9218631516 -0.0000000000 0.9218631516 0.3875155865 -1.0000000000 0.0000000000 -0.0000000000 
//*************************************************
stt01tubeleft#38
stt01ectstrawlayerleft#1
460.931576 193.757793 0.000000
-0.0000000000 -0.4969739610 0.8677654534 -0.0000000000 0.8677654534 0.4969739610 -1.0000000000 0.0000000000 -0.0000000000 
//*************************************************
stt01tuberight#38
stt01ectstrawlayerright#1
460.931576 193.757793 0.000000
-0.0000000000 -0.2722802470 0.9622179935 -0.0000000000 0.9622179935 0.2722802470 -1.0000000000 0.0000000000 -0.0000000000 
//*************************************************
stt01tuberadial#39
stt01ectstrawlayerradial#1
458.877313 198.573945 0.000000
-0.0000000000 -0.3971478906 0.9177546257 -0.0000000000 0.9177546257 0.3971478906 -1.0000000000 0.0000000000 -0.0000000000 
//*************************************************
stt01tubeleft#39
stt01ectstrawlayerleft#1
458.877313 198.573945 0.000000
-0.0000000000 -0.5060337641 0.8625136692 -0.0000000000 0.8625136692 0.5060337641 -1.0000000000 0.0000000000 -0.0000000000 
//*************************************************
stt01tuberight#39
stt01ectstrawlayerright#1
458.877313 198.573945 0.000000
-0.0000000000 -0.2823414568 0.9593139745 -0.0000000000 0.9593139745 0.2823414568 -1.0000000000 0.0000000000 -0.0000000000 
//*************************************************
stt01tuberadial#40
stt01ectstrawlayerradial#1
456.772729 203.368322 0.000000
-0.0000000000 -0.4067366431 0.9135454576 -0.0000000000 0.9135454576 0.4067366431 -1.0000000000 0.0000000000 -0.0000000000 
//*************************************************
stt01tubeleft#40
stt01ectstrawlayerleft#1
456.772729 203.368322 0.000000
-0.0000000000 -0.5150380749 0.8571673007 -0.0000000000 0.8571673007 0.5150380749 -1.0000000000 0.0000000000 -0.0000000000 
//*************************************************
stt01tuberight#40
stt01ectstrawlayerright#1
456.772729 203.368322 0.000000
-0.0000000000 -0.2923717047 0.9563047560 -0.0000000000 0.9563047560 0.2923717047 -1.0000000000 0.0000000000 -0.0000000000 
//*************************************************
stt01tuberadial#41
stt01ectstrawlayerradial#1
454.618055 208.140396 0.000000
-0.0000000000 -0.4162807923 0.9092361090 -0.0000000000 0.9092361090 0.4162807923 -1.0000000000 0.0000000000 -0.0000000000 
//*************************************************
stt01tubeleft#41
stt01ectstrawlayerleft#1
454.618055 208.140396 0.000000
-0.0000000000 -0.5239859060 0.8517269341 -0.0000000000 0.8517269341 0.5239859060 -1.0000000000 0.0000000000 -0.0000000000 
//*************************************************
stt01tuberight#41
stt01ectstrawlayerright#1
454.618055 208.140396 0.000000
-0.0000000000 -0.3023698908 0.9531906678 -0.0000000000 0.9531906678 0.3023698908 -1.0000000000 0.0000000000 -0.0000000000 
//*************************************************
stt01tuberadial#42
stt01ectstrawlayerradial#1
452.413526 212.889646 0.000000
-0.0000000000 -0.4257792916 0.9048270525 -0.0000000000 0.9048270525 0.4257792916 -1.0000000000 0.0000000000 -0.0000000000 
//*************************************************
stt01tubeleft#42
stt01ectstrawlayerleft#1
452.413526 212.889646 0.000000
-0.0000000000 -0.5328762761 0.8461931661 -0.0000000000 0.8461931661 0.5328762761 -1.0000000000 0.0000000000 -0.0000000000 
//*************************************************
stt01tuberight#42
stt01ectstrawlayerright#1
452.413526 212.889646 0.000000
-0.0000000000 -0.3123349185 0.9499720515 -0.0000000000 0.9499720515 0.3123349185 -1.0000000000 0.0000000000 -0.0000000000 
//*************************************************
stt01tuberadial#43
stt01ectstrawlayerradial#1
450.159386 217.615550 0.000000
-0.0000000000 -0.4352310994 0.9003187714 -0.0000000000 0.9003187714 0.4352310994 -1.0000000000 0.0000000000 -0.0000000000 
//*************************************************
stt01tubeleft#43
stt01ectstrawlayerleft#1
450.159386 217.615550 0.000000
-0.0000000000 -0.5417082103 0.8405666035 -0.0000000000 0.8405666035 0.5417082103 -1.0000000000 0.0000000000 -0.0000000000 
//*************************************************
stt01tuberight#43
stt01ectstrawlayerright#1
450.159386 217.615550 0.000000
-0.0000000000 -0.3222656952 0.9466492601 -0.0000000000 0.9466492601 0.3222656952 -1.0000000000 0.0000000000 -0.0000000000 
//*************************************************
stt01tuberadial#44
stt01ectstrawlayerradial#1
447.855880 222.317590 0.000000
-0.0000000000 -0.4446351792 0.8957117602 -0.0000000000 0.8957117602 0.4446351792 -1.0000000000 0.0000000000 -0.0000000000 
//*************************************************
stt01tubeleft#44
stt01ectstrawlayerleft#1
447.855880 222.317590 0.000000
-0.0000000000 -0.5504807401 0.8348478633 -0.0000000000 0.8348478633 0.5504807401 -1.0000000000 0.0000000000 -0.0000000000 
//*************************************************
stt01tuberight#44
stt01ectstrawlayerright#1
447.855880 222.317590 0.000000
-0.0000000000 -0.3321611319 0.9432226579 -0.0000000000 0.9432226579 0.3321611319 -1.0000000000 0.0000000000 -0.0000000000 
//*************************************************
stt01tuberadial#45
stt01ectstrawlayerradial#1
445.503262 226.995250 0.000000
-0.0000000000 -0.4539904997 0.8910065242 -0.0000000000 0.8910065242 0.4539904997 -1.0000000000 0.0000000000 -0.0000000000 
//*************************************************
stt01tubeleft#45
stt01ectstrawlayerleft#1
445.503262 226.995250 0.000000
-0.0000000000 -0.5591929035 0.8290375726 -0.0000000000 0.8290375726 0.5591929035 -1.0000000000 0.0000000000 -0.0000000000 
//*************************************************
stt01tuberight#45
stt01ectstrawlayerright#1
445.503262 226.995250 0.000000
