//************************
// TOF 
// version 26-Dec-2007  (to fix some part of overlapping) litvin
//************************
tof1
cave
TUBE
vacuum
   0. 0. -1800.000000
   1300.000000 1500.000000
   0. 0. 1800.000000

 0. 0. 0.
 0.965926 -0.258819 0. 0.258819 0.965926 0. 0. 0. 1.
//------------------------------------------------------------------------------------
t1mod#1
tof1
BOX
aluminium
   348.500000 -100.000000 -1777.500000
   348.500000 100.000000 -1777.500000
   -348.500000 100.000000 -1777.500000
   -348.500000 -100.000000 -1777.500000
   348.500000 -100.000000 1777.500000
   348.500000 100.000000 1777.500000
   -348.500000 100.000000 1777.500000
   -348.500000 -100.000000 1777.500000

 0.000000 1400.000000 0.000000
 1.000000 0.000000 0.000000 0.000000 1.000000 0.000000 0.000000 0.000000 1.000000
//------------------------------------------------------------------------------------
t1modGas#1
t1mod#1
BOX
vacuum
   345.500000 -97.000000 -1774.500000
   345.500000 97.000000 -1774.500000
   -345.500000 97.000000 -1774.500000
   -345.500000 -97.000000 -1774.500000
   345.500000 -97.000000 1774.500000
   345.500000 97.000000 1774.500000
   -345.500000 97.000000 1774.500000
   -345.500000 -97.000000 1774.500000

 0.000000 0.000000 0.000000
 1.000000 0.000000 0.000000 0.000000 1.000000 0.000000 0.000000 0.000000 1.000000
//------------------------------------------------------------------------------------
t1pad#1
t1modGas#1
BOX
vacuum
   335.000000 -16.000000 -60.000000
   335.000000 16.000000 -60.000000
   -335.000000 16.000000 -60.000000
   -335.000000 -16.000000 -60.000000
   335.000000 -16.000000 60.000000
   335.000000 16.000000 60.000000
   -335.000000 16.000000 60.000000
   -335.000000 -16.000000 60.000000

 0.000000 -65.900000 0.000000
 1.000000 0.000000 0.000000 0.000000 1.000000 0.000000 0.000000 0.000000 1.000000
//------------------------------------------------------------------------------------
t1glass#1
t1pad#1
BOX
RPCglass
   335.000000 -4.000000 -60.000000
   335.000000 4.000000 -60.000000
   -335.000000 4.000000 -60.000000
   -335.000000 -4.000000 -60.000000
   335.000000 -4.000000 60.000000
   335.000000 4.000000 60.000000
   -335.000000 4.000000 60.000000
   -335.000000 -4.000000 60.000000

 0.000000 0.000000 0.000000
 1.000000 0.000000 0.000000 0.000000 1.000000 0.000000 0.000000 0.000000 1.000000
//------------------------------------------------------------------------------------
t1gas#1
t1pad#1
BOX
RPCgas
   335.000000 -1.000000 -60.000000
   335.000000 1.000000 -60.000000
   -335.000000 1.000000 -60.000000
   -335.000000 -1.000000 -60.000000
   335.000000 -1.000000 60.000000
   335.000000 1.000000 60.000000
   -335.000000 1.000000 60.000000
   -335.000000 -1.000000 60.000000

 0.000000 4.000000 0.000000
 1.000000 0.000000 0.000000 0.000000 1.000000 0.000000 0.000000 0.000000 1.000000
//------------------------------------------------------------------------------------
t1pad#2
t1modGas#1
 0.000000 -0.900000 -70.800000
 1.000000 0.000000 0.000000 0.000000 0.998719 0.050593 0.000000 -0.050593 0.998719
//------------------------------------------------------------------------------------
t1pad#3
t1modGas#1
 0.000000 -57.400000 -136.700000
 1.000000 0.000000 0.000000 0.000000 0.994881 0.101056 0.000000 -0.101056 0.994881
//------------------------------------------------------------------------------------
t1pad#4
t1modGas#1
 0.000000 -8.800000 -213.300000
 1.000000 0.000000 0.000000 0.000000 0.988494 0.151261 0.000000 -0.151261 0.988494
//------------------------------------------------------------------------------------
t1pad#5
t1modGas#1
 0.000000 -63.600000 -274.600000
 1.000000 0.000000 0.000000 0.000000 0.979575 0.201078 0.000000 -0.201078 0.979575
//------------------------------------------------------------------------------------
t1pad#6
t1modGas#1
 0.000000 -37.300000 -345.300000
 1.000000 0.000000 0.000000 0.000000 0.969445 0.245307 0.000000 -0.245307 0.969445
//------------------------------------------------------------------------------------
t1pad#7
t1modGas#1
 0.000000 -5.700000 -419.900000
 1.000000 0.000000 0.000000 0.000000 0.957319 0.289032 0.000000 -0.289032 0.957319
//------------------------------------------------------------------------------------
t1pad#8
t1modGas#1
 0.000000 -70.700000 -467.400000
 1.000000 0.000000 0.000000 0.000000 0.943223 0.332161 0.000000 -0.332161 0.943223
//------------------------------------------------------------------------------------
t1pad#9
t1modGas#1
 0.000000 -0.300000 -569.000000
 1.000000 0.000000 0.000000 0.000000 0.926529 0.376224 0.000000 -0.376224 0.926529
//------------------------------------------------------------------------------------
t1pad#10
t1modGas#1
 0.000000 -63.900000 -615.400000
 1.000000 0.000000 0.000000 0.000000 0.908508 0.417867 0.000000 -0.417867 0.908508
//------------------------------------------------------------------------------------
t1pad#11
t1modGas#1
 0.000000 -58.600000 -694.100000
 1.000000 0.000000 0.000000 0.000000 0.887815 0.460200 0.000000 -0.460200 0.887815
//------------------------------------------------------------------------------------
t1pad#12
t1modGas#1
 0.000000 -57.400000 -773.900000
 1.000000 0.000000 0.000000 0.000000 0.866025 0.500000 0.000000 -0.500000 0.866025
//------------------------------------------------------------------------------------
t1pad#13
t1modGas#1
 0.000000 -58.200000 -854.900000
 1.000000 0.000000 0.000000 0.000000 0.843391 0.537300 0.000000 -0.537300 0.843391
//------------------------------------------------------------------------------------
t1pad#14
t1modGas#1
 0.000000 -59.400000 -938.300000
 1.000000 0.000000 0.000000 0.000000 0.819152 0.573576 0.000000 -0.573576 0.819152
//------------------------------------------------------------------------------------
t1pad#15
t1modGas#1
 0.000000 -44.600000 -1032.000000
 1.000000 0.000000 0.000000 0.000000 0.795473 0.605988 0.000000 -0.605988 0.795473
//------------------------------------------------------------------------------------
t1pad#16
t1modGas#1
 0.000000 -46.300000 -1116.800000
 1.000000 0.000000 0.000000 0.000000 0.771625 0.636078 0.000000 -0.636078 0.771625
//------------------------------------------------------------------------------------
t1pad#17
t1modGas#1
 0.000000 -40.400000 -1212.200000
 1.000000 0.000000 0.000000 0.000000 0.746638 0.665230 0.000000 -0.665230 0.746638
//------------------------------------------------------------------------------------
t1pad#18
t1modGas#1
 0.000000 -33.800000 -1313.300000
 1.000000 0.000000 0.000000 0.000000 0.720551 0.693402 0.000000 -0.693402 0.720551
//------------------------------------------------------------------------------------
t1pad#19
t1modGas#1
 0.000000 -33.800000 -1410.100000
 1.000000 0.000000 0.000000 0.000000 0.695913 0.718126 0.000000 -0.718126 0.695913
//------------------------------------------------------------------------------------
t1pad#20
t1modGas#1
 0.000000 -33.800000 -1511.300000
 1.000000 0.000000 0.000000 0.000000 0.670427 0.741976 0.000000 -0.741976 0.670427
//------------------------------------------------------------------------------------
t1pad#21
t1modGas#1
 0.000000 -33.800000 -1612.300000
 1.000000 0.000000 0.000000 0.000000 0.646790 0.762668 0.000000 -0.762668 0.646790
//------------------------------------------------------------------------------------
t1pad#22
t1modGas#1
 0.000000 -33.800000 -1721.200000
 1.000000 0.000000 0.000000 0.000000 0.621148 0.783693 0.000000 -0.783693 0.621148
//------------------------------------------------------------------------------------
t1pad#23
t1modGas#1
 0.000000 -0.900000 70.800000
 1.000000 0.000000 0.000000 0.000000 0.998719 -0.050593 0.000000 0.050593 0.998719
//------------------------------------------------------------------------------------
t1pad#24
t1modGas#1
 0.000000 -57.400000 136.700000
 1.000000 0.000000 0.000000 0.000000 0.994881 -0.101056 0.000000 0.101056 0.994881
//------------------------------------------------------------------------------------
t1pad#25
t1modGas#1
 0.000000 -8.800000 213.300000
 1.000000 0.000000 0.000000 0.000000 0.988494 -0.151261 0.000000 0.151261 0.988494
//------------------------------------------------------------------------------------
t1pad#26
t1modGas#1
 0.000000 -63.600000 274.600000
 1.000000 0.000000 0.000000 0.000000 0.979575 -0.201078 0.000000 0.201078 0.979575
//------------------------------------------------------------------------------------
t1pad#27
t1modGas#1
 0.000000 -37.300000 345.300000
 1.000000 0.000000 0.000000 0.000000 0.969445 -0.245307 0.000000 0.245307 0.969445
//------------------------------------------------------------------------------------
t1pad#28
t1modGas#1
 0.000000 -5.700000 419.900000
 1.000000 0.000000 0.000000 0.000000 0.957319 -0.289032 0.000000 0.289032 0.957319
//------------------------------------------------------------------------------------
t1pad#29
t1modGas#1
 0.000000 -70.700000 467.400000
 1.000000 0.000000 0.000000 0.000000 0.943223 -0.332161 0.000000 0.332161 0.943223
//------------------------------------------------------------------------------------
t1pad#30
t1modGas#1
 0.000000 -0.300000 569.000000
 1.000000 0.000000 0.000000 0.000000 0.926529 -0.376224 0.000000 0.376224 0.926529
//------------------------------------------------------------------------------------
t1pad#31
t1modGas#1
 0.000000 -63.900000 615.400000
 1.000000 0.000000 0.000000 0.000000 0.908508 -0.417867 0.000000 0.417867 0.908508
//------------------------------------------------------------------------------------
t1pad#32
t1modGas#1
 0.000000 -58.600000 694.100000
 1.000000 0.000000 0.000000 0.000000 0.887815 -0.460200 0.000000 0.460200 0.887815
//------------------------------------------------------------------------------------
t1pad#33
t1modGas#1
 0.000000 -57.400000 773.900000
 1.000000 0.000000 0.000000 0.000000 0.866025 -0.500000 0.000000 0.500000 0.866025
//------------------------------------------------------------------------------------
t1pad#34
t1modGas#1
 0.000000 -58.200000 854.900000
 1.000000 0.000000 0.000000 0.000000 0.843391 -0.537300 0.000000 0.537300 0.843391
//------------------------------------------------------------------------------------
t1pad#35
t1modGas#1
 0.000000 -59.400000 938.300000
 1.000000 0.000000 0.000000 0.000000 0.819152 -0.573576 0.000000 0.573576 0.819152
//------------------------------------------------------------------------------------
t1pad#36
t1modGas#1
 0.000000 -44.600000 1032.000000
 1.000000 0.000000 0.000000 0.000000 0.795473 -0.605988 0.000000 0.605988 0.795473
//------------------------------------------------------------------------------------
t1pad#37
t1modGas#1
 0.000000 -46.300000 1116.800000
 1.000000 0.000000 0.000000 0.000000 0.771625 -0.636078 0.000000 0.636078 0.771625
//------------------------------------------------------------------------------------
t1pad#38
t1modGas#1
 0.000000 -40.400000 1212.200000
 1.000000 0.000000 0.000000 0.000000 0.746638 -0.665230 0.000000 0.665230 0.746638
//------------------------------------------------------------------------------------
t1pad#39
t1modGas#1
 0.000000 -33.800000 1313.300000
 1.000000 0.000000 0.000000 0.000000 0.720551 -0.693402 0.000000 0.693402 0.720551
//------------------------------------------------------------------------------------
t1pad#40
t1modGas#1
 0.000000 -33.800000 1410.100000
 1.000000 0.000000 0.000000 0.000000 0.695913 -0.718126 0.000000 0.718126 0.695913
//------------------------------------------------------------------------------------
t1pad#41
t1modGas#1
 0.000000 -33.800000 1511.300000
 1.000000 0.000000 0.000000 0.000000 0.670427 -0.741976 0.000000 0.741976 0.670427
//------------------------------------------------------------------------------------
t1pad#42
t1modGas#1
 0.000000 -33.800000 1612.300000
 1.000000 0.000000 0.000000 0.000000 0.646790 -0.762668 0.000000 0.762668 0.646790
//------------------------------------------------------------------------------------
t1pad#43
t1modGas#1
 0.000000 -33.800000 1721.200000
 1.000000 0.000000 0.000000 0.000000 0.621148 -0.783693 0.000000 0.783693 0.621148
//------------------------------------------------------------------------------------
t1mod#2
tof1
 -700.000000 1212.435565 0.000000
 0.866025 -0.500000 0.000000 0.500000 0.866025 0.000000 0.000000 0.000000 1.000000
//------------------------------------------------------------------------------------
t1mod#3
tof1
 -1212.435565 700.000000 0.000000
 0.500000 -0.866025 0.000000 0.866025 0.500000 0.000000 0.000000 0.000000 1.000000
//------------------------------------------------------------------------------------
t1mod#4
tof1
 -1400.000000 0.000000 0.000000
 0.000000 -1.000000 0.000000 1.000000 0.000000 0.000000 0.000000 0.000000 1.000000
//------------------------------------------------------------------------------------
t1mod#5
tof1
 -1212.435565 -700.000000 0.000000
 -0.500000 -0.866025 0.000000 0.866025 -0.500000 0.000000 0.000000 0.000000 1.000000
//------------------------------------------------------------------------------------
t1mod#6
tof1
 -700.000000 -1212.435565 0.000000
 -0.866025 -0.500000 0.000000 0.500000 -0.866025 0.000000 0.000000 0.000000 1.000000
//------------------------------------------------------------------------------------
t1mod#7
tof1
 -0.000000 -1400.000000 0.000000
 -1.000000 -0.000000 0.000000 0.000000 -1.000000 0.000000 0.000000 0.000000 1.000000
//------------------------------------------------------------------------------------
t1mod#8
tof1
 700.000000 -1212.435565 0.000000
 -0.866025 0.500000 0.000000 -0.500000 -0.866025 0.000000 0.000000 0.000000 1.000000
//------------------------------------------------------------------------------------
t1mod#9
tof1
 1212.435565 -700.000000 0.000000
 -0.500000 0.866025 0.000000 -0.866025 -0.500000 0.000000 0.000000 0.000000 1.000000
//------------------------------------------------------------------------------------
t1mod#10
tof1
 1400.000000 -0.000000 0.000000
 -0.000000 1.000000 0.000000 -1.000000 -0.000000 0.000000 0.000000 0.000000 1.000000
//------------------------------------------------------------------------------------
t1mod#11
tof1
 1212.435565 700.000000 0.000000
 0.500000 0.866025 0.000000 -0.866025 0.500000 0.000000 0.000000 0.000000 1.000000
//------------------------------------------------------------------------------------
t1mod#12
tof1
 700.000000 1212.435565 0.000000
 0.866025 0.500000 0.000000 -0.500000 0.866025 0.000000 0.000000 0.000000 1.000000
//------------------------------------------------------------------------------------


