//**************************************************************************************
// TOF R(1200-*-1400), Z=+-2500, eta=+-1.4, theta=+-28.1 degree
// 12 regions x 55 modules x 48 pads = 31680 readout channels.
// MPD_CDR_0_6
//**************************************************************************************
tof1
cave
TUBE
vacuum
   0. 0. -2500.000000
   1160.000000 1410.000000
   0. 0. 2500.000000

 0. 0. 0.
 1. 0. 0. 0. 1. 0. 0. 0. 1.
//------------------------------------------------------------------------------------
t1reg#1
tof1
BOX
aluminium
   310.000000 -100.000000 -2500.000000
   310.000000 100.000000 -2500.000000
   -310.000000 100.000000 -2500.000000
   -310.000000 -100.000000 -2500.000000
   310.000000 -100.000000 2500.000000
   310.000000 100.000000 2500.000000
   -310.000000 100.000000 2500.000000
   -310.000000 -100.000000 2500.000000

 0.000000 1260.000000 0.000000
 1.000000 0.000000 0.000000 0.000000 1.000000 0.000000 0.000000 0.000000 1.000000
//------------------------------------------------------------------------------------
t1regGas#1
t1reg#1
BOX
vacuum
   307.000000 -97.000000 -2497.000000
   307.000000 97.000000 -2497.000000
   -307.000000 97.000000 -2497.000000
   -307.000000 -97.000000 -2497.000000
   307.000000 -97.000000 2497.000000
   307.000000 97.000000 2497.000000
   -307.000000 97.000000 2497.000000
   -307.000000 -97.000000 2497.000000

 0.000000 0.000000 0.000000
 1.000000 0.000000 0.000000 0.000000 1.000000 0.000000 0.000000 0.000000 1.000000
//------------------------------------------------------------------------------------
t1mod#1
t1regGas#1
BOX
vacuum
   300.000000 -16.000000 -35.000000
   300.000000 16.000000 -35.000000
   -300.000000 16.000000 -35.000000
   -300.000000 -16.000000 -35.000000
   300.000000 -16.000000 35.000000
   300.000000 16.000000 35.000000
   -300.000000 16.000000 35.000000
   -300.000000 -16.000000 35.000000

 0.000000 -65.900000 0.000000
 1.000000 0.000000 0.000000 0.000000 1.000000 0.000000 0.000000 0.000000 1.000000
//------------------------------------------------------------------------------------
t1sel#1
t1mod#1
BOX
vacuum
   12.500000 -7.500000 -17.500000
   12.500000 7.500000 -17.500000
   -12.500000 7.500000 -17.500000
   -12.500000 -7.500000 -17.500000
   12.500000 -7.500000 17.500000
   12.500000 7.500000 17.500000
   -12.500000 7.500000 17.500000
   -12.500000 -7.500000 17.500000

 -287.500000 0.000000 -17.500000
 1.000000 0.000000 0.000000 0.000000 1.000000 0.000000 0.000000 0.000000 1.000000
//------------------------------------------------------------------------------------
t1glass#1
t1sel#1
BOX
RPCglass
   12.500000 -4.000000 -17.500000
   12.500000 4.000000 -17.500000
   -12.500000 4.000000 -17.500000
   -12.500000 -4.000000 -17.500000
   12.500000 -4.000000 17.500000
   12.500000 4.000000 17.500000
   -12.500000 4.000000 17.500000
   -12.500000 -4.000000 17.500000

 0.000000 3.500000 0.000000
 1.000000 0.000000 0.000000 0.000000 1.000000 0.000000 0.000000 0.000000 1.000000
//------------------------------------------------------------------------------------
t1gas#1
t1sel#1
BOX
RPCgas
   12.500000 -1.000000 -17.500000
   12.500000 1.000000 -17.500000
   -12.500000 1.000000 -17.500000
   -12.500000 -1.000000 -17.500000
   12.500000 -1.000000 17.500000
   12.500000 1.000000 17.500000
   -12.500000 1.000000 17.500000
   -12.500000 -1.000000 17.500000

 0.000000 -6.500000 0.000000
 1.000000 0.000000 0.000000 0.000000 1.000000 0.000000 0.000000 0.000000 1.000000
//------------------------------------------------------------------------------------
t1sel#2
t1mod#1
 -262.500000 0.000000 -17.500000
 1.000000 0.000000 0.000000 0.000000 1.000000 0.000000 0.000000 0.000000 1.000000
//------------------------------------------------------------------------------------
t1sel#3
t1mod#1
 -237.500000 0.000000 -17.500000
 1.000000 0.000000 0.000000 0.000000 1.000000 0.000000 0.000000 0.000000 1.000000
//------------------------------------------------------------------------------------
t1sel#4
t1mod#1
 -212.500000 0.000000 -17.500000
 1.000000 0.000000 0.000000 0.000000 1.000000 0.000000 0.000000 0.000000 1.000000
//------------------------------------------------------------------------------------
t1sel#5
t1mod#1
 -187.500000 0.000000 -17.500000
 1.000000 0.000000 0.000000 0.000000 1.000000 0.000000 0.000000 0.000000 1.000000
//------------------------------------------------------------------------------------
t1sel#6
t1mod#1
 -162.500000 0.000000 -17.500000
 1.000000 0.000000 0.000000 0.000000 1.000000 0.000000 0.000000 0.000000 1.000000
//------------------------------------------------------------------------------------
t1sel#7
t1mod#1
 -137.500000 0.000000 -17.500000
 1.000000 0.000000 0.000000 0.000000 1.000000 0.000000 0.000000 0.000000 1.000000
//------------------------------------------------------------------------------------
t1sel#8
t1mod#1
 -112.500000 0.000000 -17.500000
 1.000000 0.000000 0.000000 0.000000 1.000000 0.000000 0.000000 0.000000 1.000000
//------------------------------------------------------------------------------------
t1sel#9
t1mod#1
 -87.500000 0.000000 -17.500000
 1.000000 0.000000 0.000000 0.000000 1.000000 0.000000 0.000000 0.000000 1.000000
//------------------------------------------------------------------------------------
t1sel#10
t1mod#1
 -62.500000 0.000000 -17.500000
 1.000000 0.000000 0.000000 0.000000 1.000000 0.000000 0.000000 0.000000 1.000000
//------------------------------------------------------------------------------------
t1sel#11
t1mod#1
 -37.500000 0.000000 -17.500000
 1.000000 0.000000 0.000000 0.000000 1.000000 0.000000 0.000000 0.000000 1.000000
//------------------------------------------------------------------------------------
t1sel#12
t1mod#1
 -12.500000 0.000000 -17.500000
 1.000000 0.000000 0.000000 0.000000 1.000000 0.000000 0.000000 0.000000 1.000000
//------------------------------------------------------------------------------------
t1sel#13
t1mod#1
 12.500000 0.000000 -17.500000
 1.000000 0.000000 0.000000 0.000000 1.000000 0.000000 0.000000 0.000000 1.000000
//------------------------------------------------------------------------------------
t1sel#14
t1mod#1
 37.500000 0.000000 -17.500000
 1.000000 0.000000 0.000000 0.000000 1.000000 0.000000 0.000000 0.000000 1.000000
//------------------------------------------------------------------------------------
t1sel#15
t1mod#1
 62.500000 0.000000 -17.500000
 1.000000 0.000000 0.000000 0.000000 1.000000 0.000000 0.000000 0.000000 1.000000
//------------------------------------------------------------------------------------
t1sel#16
t1mod#1
 87.500000 0.000000 -17.500000
 1.000000 0.000000 0.000000 0.000000 1.000000 0.000000 0.000000 0.000000 1.000000
//------------------------------------------------------------------------------------
t1sel#17
t1mod#1
 112.500000 0.000000 -17.500000
 1.000000 0.000000 0.000000 0.000000 1.000000 0.000000 0.000000 0.000000 1.000000
//------------------------------------------------------------------------------------
t1sel#18
t1mod#1
 137.500000 0.000000 -17.500000
 1.000000 0.000000 0.000000 0.000000 1.000000 0.000000 0.000000 0.000000 1.000000
//------------------------------------------------------------------------------------
t1sel#19
t1mod#1
 162.500000 0.000000 -17.500000
 1.000000 0.000000 0.000000 0.000000 1.000000 0.000000 0.000000 0.000000 1.000000
//------------------------------------------------------------------------------------
t1sel#20
t1mod#1
 187.500000 0.000000 -17.500000
 1.000000 0.000000 0.000000 0.000000 1.000000 0.000000 0.000000 0.000000 1.000000
//------------------------------------------------------------------------------------
t1sel#21
t1mod#1
 212.500000 0.000000 -17.500000
 1.000000 0.000000 0.000000 0.000000 1.000000 0.000000 0.000000 0.000000 1.000000
//------------------------------------------------------------------------------------
t1sel#22
t1mod#1
 237.500000 0.000000 -17.500000
 1.000000 0.000000 0.000000 0.000000 1.000000 0.000000 0.000000 0.000000 1.000000
//------------------------------------------------------------------------------------
t1sel#23
t1mod#1
 262.500000 0.000000 -17.500000
 1.000000 0.000000 0.000000 0.000000 1.000000 0.000000 0.000000 0.000000 1.000000
//------------------------------------------------------------------------------------
t1sel#24
t1mod#1
 287.500000 0.000000 -17.500000
 1.000000 0.000000 0.000000 0.000000 1.000000 0.000000 0.000000 0.000000 1.000000
//------------------------------------------------------------------------------------
t1sel#25
t1mod#1
 -287.500000 0.000000 17.500000
 1.000000 0.000000 0.000000 0.000000 1.000000 0.000000 0.000000 0.000000 1.000000
//------------------------------------------------------------------------------------
t1sel#26
t1mod#1
 -262.500000 0.000000 17.500000
 1.000000 0.000000 0.000000 0.000000 1.000000 0.000000 0.000000 0.000000 1.000000
//------------------------------------------------------------------------------------
t1sel#27
t1mod#1
 -237.500000 0.000000 17.500000
 1.000000 0.000000 0.000000 0.000000 1.000000 0.000000 0.000000 0.000000 1.000000
//------------------------------------------------------------------------------------
t1sel#28
t1mod#1
 -212.500000 0.000000 17.500000
 1.000000 0.000000 0.000000 0.000000 1.000000 0.000000 0.000000 0.000000 1.000000
//------------------------------------------------------------------------------------
t1sel#29
t1mod#1
 -187.500000 0.000000 17.500000
 1.000000 0.000000 0.000000 0.000000 1.000000 0.000000 0.000000 0.000000 1.000000
//------------------------------------------------------------------------------------
t1sel#30
t1mod#1
 -162.500000 0.000000 17.500000
 1.000000 0.000000 0.000000 0.000000 1.000000 0.000000 0.000000 0.000000 1.000000
//------------------------------------------------------------------------------------
t1sel#31
t1mod#1
 -137.500000 0.000000 17.500000
 1.000000 0.000000 0.000000 0.000000 1.000000 0.000000 0.000000 0.000000 1.000000
//------------------------------------------------------------------------------------
t1sel#32
t1mod#1
 -112.500000 0.000000 17.500000
 1.000000 0.000000 0.000000 0.000000 1.000000 0.000000 0.000000 0.000000 1.000000
//------------------------------------------------------------------------------------
t1sel#33
t1mod#1
 -87.500000 0.000000 17.500000
 1.000000 0.000000 0.000000 0.000000 1.000000 0.000000 0.000000 0.000000 1.000000
//------------------------------------------------------------------------------------
t1sel#34
t1mod#1
 -62.500000 0.000000 17.500000
 1.000000 0.000000 0.000000 0.000000 1.000000 0.000000 0.000000 0.000000 1.000000
//------------------------------------------------------------------------------------
t1sel#35
t1mod#1
 -37.500000 0.000000 17.500000
 1.000000 0.000000 0.000000 0.000000 1.000000 0.000000 0.000000 0.000000 1.000000
//------------------------------------------------------------------------------------
t1sel#36
t1mod#1
 -12.500000 0.000000 17.500000
 1.000000 0.000000 0.000000 0.000000 1.000000 0.000000 0.000000 0.000000 1.000000
//------------------------------------------------------------------------------------
t1sel#37
t1mod#1
 12.500000 0.000000 17.500000
 1.000000 0.000000 0.000000 0.000000 1.000000 0.000000 0.000000 0.000000 1.000000
//------------------------------------------------------------------------------------
t1sel#38
t1mod#1
 37.500000 0.000000 17.500000
 1.000000 0.000000 0.000000 0.000000 1.000000 0.000000 0.000000 0.000000 1.000000
//------------------------------------------------------------------------------------
t1sel#39
t1mod#1
 62.500000 0.000000 17.500000
 1.000000 0.000000 0.000000 0.000000 1.000000 0.000000 0.000000 0.000000 1.000000
//------------------------------------------------------------------------------------
t1sel#40
t1mod#1
 87.500000 0.000000 17.500000
 1.000000 0.000000 0.000000 0.000000 1.000000 0.000000 0.000000 0.000000 1.000000
//------------------------------------------------------------------------------------
t1sel#41
t1mod#1
 112.500000 0.000000 17.500000
 1.000000 0.000000 0.000000 0.000000 1.000000 0.000000 0.000000 0.000000 1.000000
//------------------------------------------------------------------------------------
t1sel#42
t1mod#1
 137.500000 0.000000 17.500000
 1.000000 0.000000 0.000000 0.000000 1.000000 0.000000 0.000000 0.000000 1.000000
//------------------------------------------------------------------------------------
t1sel#43
t1mod#1
 162.500000 0.000000 17.500000
 1.000000 0.000000 0.000000 0.000000 1.000000 0.000000 0.000000 0.000000 1.000000
//------------------------------------------------------------------------------------
t1sel#44
t1mod#1
 187.500000 0.000000 17.500000
 1.000000 0.000000 0.000000 0.000000 1.000000 0.000000 0.000000 0.000000 1.000000
//------------------------------------------------------------------------------------
t1sel#45
t1mod#1
 212.500000 0.000000 17.500000
 1.000000 0.000000 0.000000 0.000000 1.000000 0.000000 0.000000 0.000000 1.000000
//------------------------------------------------------------------------------------
t1sel#46
t1mod#1
 237.500000 0.000000 17.500000
 1.000000 0.000000 0.000000 0.000000 1.000000 0.000000 0.000000 0.000000 1.000000
//------------------------------------------------------------------------------------
t1sel#47
t1mod#1
 262.500000 0.000000 17.500000
 1.000000 0.000000 0.000000 0.000000 1.000000 0.000000 0.000000 0.000000 1.000000
//------------------------------------------------------------------------------------
t1sel#48
t1mod#1
 287.500000 0.000000 17.500000
 1.000000 0.000000 0.000000 0.000000 1.000000 0.000000 0.000000 0.000000 1.000000
//------------------------------------------------------------------------------------
t1mod#2
t1regGas#1
 0.000000 -0.900000 70.800000
 1.000000 0.000000 0.000000 0.000000 0.998537 -0.054079 0.000000 0.054079 0.998537
//------------------------------------------------------------------------------------
t1mod#3
t1regGas#1
 0.000000 -57.400000 136.700000
 1.000000 0.000000 0.000000 0.000000 0.993961 -0.109734 0.000000 0.109734 0.993961
//------------------------------------------------------------------------------------
t1mod#4
t1regGas#1
 0.000000 -8.800000 213.300000
 1.000000 0.000000 0.000000 0.000000 0.986572 -0.163326 0.000000 0.163326 0.986572
//------------------------------------------------------------------------------------
t1mod#5
t1regGas#1
 0.000000 -63.600000 274.600000
 1.000000 0.000000 0.000000 0.000000 0.976296 -0.216440 0.000000 0.216440 0.976296
//------------------------------------------------------------------------------------
t1mod#6
t1regGas#1
 0.000000 -36.500000 345.500000
 1.000000 0.000000 0.000000 0.000000 0.964557 -0.263873 0.000000 0.263873 0.964557
//------------------------------------------------------------------------------------
t1mod#7
t1regGas#1
 0.000000 -4.900000 420.200000
 1.000000 0.000000 0.000000 0.000000 0.951057 -0.309017 0.000000 0.309017 0.951057
//------------------------------------------------------------------------------------
t1mod#8
t1regGas#1
 0.000000 -70.000000 467.700000
 1.000000 0.000000 0.000000 0.000000 0.934826 -0.355107 0.000000 0.355107 0.934826
//------------------------------------------------------------------------------------
t1mod#9
t1regGas#1
 0.000000 -1.100000 568.700000
 1.000000 0.000000 0.000000 0.000000 0.916363 -0.400349 0.000000 0.400349 0.916363
//------------------------------------------------------------------------------------
t1mod#10
t1regGas#1
 0.000000 -63.100000 615.700000
 1.000000 0.000000 0.000000 0.000000 0.894934 -0.446198 0.000000 0.446198 0.894934
//------------------------------------------------------------------------------------
t1mod#11
t1regGas#1
 0.000000 -58.600000 694.100000
 1.000000 0.000000 0.000000 0.000000 0.872922 -0.487860 0.000000 0.487860 0.872922
//------------------------------------------------------------------------------------
t1mod#12
t1regGas#1
 0.000000 -57.400000 773.900000
 1.000000 0.000000 0.000000 0.000000 0.848972 -0.528438 0.000000 0.528438 0.848972
//------------------------------------------------------------------------------------
t1mod#13
t1regGas#1
 0.000000 -58.200000 854.900000
 1.000000 0.000000 0.000000 0.000000 0.824126 -0.566406 0.000000 0.566406 0.824126
//------------------------------------------------------------------------------------
t1mod#14
t1regGas#1
 0.000000 -59.400000 938.300000
 1.000000 0.000000 0.000000 0.000000 0.797584 -0.603208 0.000000 0.603208 0.797584
//------------------------------------------------------------------------------------
t1mod#15
t1regGas#1
 0.000000 -44.000000 1032.500000
 1.000000 0.000000 0.000000 0.000000 0.772734 -0.634731 0.000000 0.634731 0.772734
//------------------------------------------------------------------------------------
t1mod#16
t1regGas#1
 0.000000 -46.300000 1116.800000
 1.000000 0.000000 0.000000 0.000000 0.746638 -0.665230 0.000000 0.665230 0.746638
//------------------------------------------------------------------------------------
t1mod#17
t1regGas#1
 0.000000 -40.400000 1212.200000
 1.000000 0.000000 0.000000 0.000000 0.720551 -0.693402 0.000000 0.693402 0.720551
//------------------------------------------------------------------------------------
t1mod#18
t1regGas#1
 0.000000 -33.800000 1313.300000
 1.000000 0.000000 0.000000 0.000000 0.694658 -0.719340 0.000000 0.719340 0.694658
//------------------------------------------------------------------------------------
t1mod#19
t1regGas#1
 0.000000 -33.800000 1410.000000
 1.000000 0.000000 0.000000 0.000000 0.667833 -0.744312 0.000000 0.744312 0.667833
//------------------------------------------------------------------------------------
t1mod#20
t1regGas#1
 0.000000 -33.800000 1511.300000
 1.000000 0.000000 0.000000 0.000000 0.642788 -0.766044 0.000000 0.766044 0.642788
//------------------------------------------------------------------------------------
t1mod#21
t1regGas#1
 0.000000 -33.800000 1612.300000
 1.000000 0.000000 0.000000 0.000000 0.617036 -0.786935 0.000000 0.786935 0.617036
//------------------------------------------------------------------------------------
t1mod#22
t1regGas#1
 0.000000 -33.800000 1721.200000
 1.000000 0.000000 0.000000 0.000000 0.592013 -0.805928 0.000000 0.805928 0.592013
//------------------------------------------------------------------------------------
t1mod#23
t1regGas#1
 0.000000 -33.800000 1836.400000
 1.000000 0.000000 0.000000 0.000000 0.567844 -0.823136 0.000000 0.823136 0.567844
//------------------------------------------------------------------------------------
t1mod#24
t1regGas#1
 0.000000 -33.800000 1955.200000
 1.000000 0.000000 0.000000 0.000000 0.543174 -0.839620 0.000000 0.839620 0.543174
//------------------------------------------------------------------------------------
t1mod#25
t1regGas#1
 0.000000 -33.800000 2079.300000
 1.000000 0.000000 0.000000 0.000000 0.519519 -0.854459 0.000000 0.854459 0.519519
//------------------------------------------------------------------------------------
t1mod#26
t1regGas#1
 0.000000 -33.800000 2208.500000
 1.000000 0.000000 0.000000 0.000000 0.496974 -0.867765 0.000000 0.867765 0.496974
//------------------------------------------------------------------------------------
t1mod#27
t1regGas#1
 0.000000 -33.800000 2344.700000
 1.000000 0.000000 0.000000 0.000000 0.475624 -0.879649 0.000000 0.879649 0.475624
//------------------------------------------------------------------------------------
t1mod#28
t1regGas#1
 0.000000 -33.800000 2458.500000
 1.000000 0.000000 0.000000 0.000000 0.457098 -0.889416 0.000000 0.889416 0.457098
//------------------------------------------------------------------------------------
t1mod#29
t1regGas#1
 0.000000 -0.900000 -70.800000
 1.000000 0.000000 0.000000 0.000000 0.998537 0.054079 0.000000 -0.054079 0.998537
//------------------------------------------------------------------------------------
t1mod#30
t1regGas#1
 0.000000 -57.400000 -136.700000
 1.000000 0.000000 0.000000 0.000000 0.993961 0.109734 0.000000 -0.109734 0.993961
//------------------------------------------------------------------------------------
t1mod#31
t1regGas#1
 0.000000 -8.800000 -213.300000
 1.000000 0.000000 0.000000 0.000000 0.986572 0.163326 0.000000 -0.163326 0.986572
//------------------------------------------------------------------------------------
t1mod#32
t1regGas#1
 0.000000 -63.600000 -274.600000
 1.000000 0.000000 0.000000 0.000000 0.976296 0.216440 0.000000 -0.216440 0.976296
//------------------------------------------------------------------------------------
t1mod#33
t1regGas#1
 0.000000 -36.500000 -345.500000
 1.000000 0.000000 0.000000 0.000000 0.964557 0.263873 0.000000 -0.263873 0.964557
//------------------------------------------------------------------------------------
t1mod#34
t1regGas#1
 0.000000 -4.900000 -420.200000
 1.000000 0.000000 0.000000 0.000000 0.951057 0.309017 0.000000 -0.309017 0.951057
//------------------------------------------------------------------------------------
t1mod#35
t1regGas#1
 0.000000 -70.000000 -467.700000
 1.000000 0.000000 0.000000 0.000000 0.934826 0.355107 0.000000 -0.355107 0.934826
//------------------------------------------------------------------------------------
t1mod#36
t1regGas#1
 0.000000 -1.100000 -568.700000
 1.000000 0.000000 0.000000 0.000000 0.916363 0.400349 0.000000 -0.400349 0.916363
//------------------------------------------------------------------------------------
t1mod#37
t1regGas#1
 0.000000 -63.100000 -615.700000
 1.000000 0.000000 0.000000 0.000000 0.894934 0.446198 0.000000 -0.446198 0.894934
//------------------------------------------------------------------------------------
t1mod#38
t1regGas#1
 0.000000 -58.600000 -694.100000
 1.000000 0.000000 0.000000 0.000000 0.872922 0.487860 0.000000 -0.487860 0.872922
//------------------------------------------------------------------------------------
t1mod#39
t1regGas#1
 0.000000 -57.400000 -773.900000
 1.000000 0.000000 0.000000 0.000000 0.848972 0.528438 0.000000 -0.528438 0.848972
//------------------------------------------------------------------------------------
t1mod#40
t1regGas#1
 0.000000 -58.200000 -854.900000
 1.000000 0.000000 0.000000 0.000000 0.824126 0.566406 0.000000 -0.566406 0.824126
//------------------------------------------------------------------------------------
t1mod#41
t1regGas#1
 0.000000 -59.400000 -938.300000
 1.000000 0.000000 0.000000 0.000000 0.797584 0.603208 0.000000 -0.603208 0.797584
//------------------------------------------------------------------------------------
t1mod#42
t1regGas#1
 0.000000 -44.000000 -1032.500000
 1.000000 0.000000 0.000000 0.000000 0.772734 0.634731 0.000000 -0.634731 0.772734
//------------------------------------------------------------------------------------
t1mod#43
t1regGas#1
 0.000000 -46.300000 -1116.800000
 1.000000 0.000000 0.000000 0.000000 0.746638 0.665230 0.000000 -0.665230 0.746638
//------------------------------------------------------------------------------------
t1mod#44
t1regGas#1
 0.000000 -40.400000 -1212.200000
 1.000000 0.000000 0.000000 0.000000 0.720551 0.693402 0.000000 -0.693402 0.720551
//------------------------------------------------------------------------------------
t1mod#45
t1regGas#1
 0.000000 -33.800000 -1313.300000
 1.000000 0.000000 0.000000 0.000000 0.694658 0.719340 0.000000 -0.719340 0.694658
//------------------------------------------------------------------------------------
t1mod#46
t1regGas#1
 0.000000 -33.800000 -1410.000000
 1.000000 0.000000 0.000000 0.000000 0.667833 0.744312 0.000000 -0.744312 0.667833
//------------------------------------------------------------------------------------
t1mod#47
t1regGas#1
 0.000000 -33.800000 -1511.300000
 1.000000 0.000000 0.000000 0.000000 0.642788 0.766044 0.000000 -0.766044 0.642788
//------------------------------------------------------------------------------------
t1mod#48
t1regGas#1
 0.000000 -33.800000 -1612.300000
 1.000000 0.000000 0.000000 0.000000 0.617036 0.786935 0.000000 -0.786935 0.617036
//------------------------------------------------------------------------------------
t1mod#49
t1regGas#1
 0.000000 -33.800000 -1721.200000
 1.000000 0.000000 0.000000 0.000000 0.592013 0.805928 0.000000 -0.805928 0.592013
//------------------------------------------------------------------------------------
t1mod#50
t1regGas#1
 0.000000 -33.800000 -1836.400000
 1.000000 0.000000 0.000000 0.000000 0.567844 0.823136 0.000000 -0.823136 0.567844
//------------------------------------------------------------------------------------
t1mod#51
t1regGas#1
 0.000000 -33.800000 -1955.200000
 1.000000 0.000000 0.000000 0.000000 0.543174 0.839620 0.000000 -0.839620 0.543174
//------------------------------------------------------------------------------------
t1mod#52
t1regGas#1
 0.000000 -33.800000 -2079.300000
 1.000000 0.000000 0.000000 0.000000 0.519519 0.854459 0.000000 -0.854459 0.519519
//------------------------------------------------------------------------------------
t1mod#53
t1regGas#1
 0.000000 -33.800000 -2208.500000
 1.000000 0.000000 0.000000 0.000000 0.496974 0.867765 0.000000 -0.867765 0.496974
//------------------------------------------------------------------------------------
t1mod#54
t1regGas#1
 0.000000 -33.800000 -2344.700000
 1.000000 0.000000 0.000000 0.000000 0.475624 0.879649 0.000000 -0.879649 0.475624
//------------------------------------------------------------------------------------
t1mod#55
t1regGas#1
 0.000000 -33.800000 -2458.500000
 1.000000 0.000000 0.000000 0.000000 0.457098 0.889416 0.000000 -0.889416 0.457098
//------------------------------------------------------------------------------------
t1reg#2
tof1
 -630.000000 1091.192009 0.000000
 0.866025 -0.500000 0.000000 0.500000 0.866025 0.000000 0.000000 0.000000 1.000000
//------------------------------------------------------------------------------------
t1reg#3
tof1
 -1091.192009 630.000000 0.000000
 0.500000 -0.866025 0.000000 0.866025 0.500000 0.000000 0.000000 0.000000 1.000000
//------------------------------------------------------------------------------------
t1reg#4
tof1
 -1260.000000 0.000000 0.000000
 0.000000 -1.000000 0.000000 1.000000 0.000000 0.000000 0.000000 0.000000 1.000000
//------------------------------------------------------------------------------------
t1reg#5
tof1
 -1091.192009 -630.000000 0.000000
 -0.500000 -0.866025 0.000000 0.866025 -0.500000 0.000000 0.000000 0.000000 1.000000
//------------------------------------------------------------------------------------
t1reg#6
tof1
 -630.000000 -1091.192009 0.000000
 -0.866025 -0.500000 0.000000 0.500000 -0.866025 0.000000 0.000000 0.000000 1.000000
//------------------------------------------------------------------------------------
t1reg#7
tof1
 -0.000000 -1260.000000 0.000000
 -1.000000 -0.000000 0.000000 0.000000 -1.000000 0.000000 0.000000 0.000000 1.000000
//------------------------------------------------------------------------------------
t1reg#8
tof1
 630.000000 -1091.192009 0.000000
 -0.866025 0.500000 0.000000 -0.500000 -0.866025 0.000000 0.000000 0.000000 1.000000
//------------------------------------------------------------------------------------
t1reg#9
tof1
 1091.192009 -630.000000 0.000000
 -0.500000 0.866025 0.000000 -0.866025 -0.500000 0.000000 0.000000 0.000000 1.000000
//------------------------------------------------------------------------------------
t1reg#10
tof1
 1260.000000 -0.000000 0.000000
 -0.000000 1.000000 0.000000 -1.000000 -0.000000 0.000000 0.000000 0.000000 1.000000
//------------------------------------------------------------------------------------
t1reg#11
tof1
 1091.192009 630.000000 0.000000
 0.500000 0.866025 0.000000 -0.866025 0.500000 0.000000 0.000000 0.000000 1.000000
//------------------------------------------------------------------------------------
t1reg#12
tof1
 630.000000 1091.192009 0.000000
 0.866025 0.500000 0.000000 -0.500000 0.866025 0.000000 0.000000 0.000000 1.000000
//------------------------------------------------------------------------------------


