//*************************************************
tpcChamber1
cave
TUBE
air
0.000000 0.000000 1700.000000
270.000000 1100.000000
0.000000 0.000000 -1700.000000
0.000000 0.000000 0.000000
1.000000 0.000000 0.000000
 0.000000 1.000000 0.000000 0.000000 0.000000 1.000000
//*************************************************
tpc01iw1
tpcChamber1
TUBE
aluminium
0.000000 0.000000 1500.000000
270.000000 270.050000
0.000000 0.000000 -1500.000000
0.000000 0.000000 0.000000
1.000000 0.000000 0.000000
 0.000000 1.000000 0.000000 0.000000 0.000000 1.000000
//*************************************************
tpc01iw2
tpcChamber1
TUBE
tedlar
0.000000 0.000000 1500.000000
270.050000 270.100000
0.000000 0.000000 -1500.000000
0.000000 0.000000 0.000000
1.000000 0.000000 0.000000
 0.000000 1.000000 0.000000 0.000000 0.000000 1.000000
//*************************************************
tpc01iw3
tpcChamber1
TUBE
kevlar
0.000000 0.000000 1500.000000
270.100000 270.700000
0.000000 0.000000 -1500.000000
0.000000 0.000000 0.000000
1.000000 0.000000 0.000000
 0.000000 1.000000 0.000000 0.000000 0.000000 1.000000
//*************************************************
tpc01iw4
tpcChamber1
TUBE
nomex
0.000000 0.000000 1500.000000
270.700000 280.700000
0.000000 0.000000 -1500.000000
0.000000 0.000000 0.000000
1.000000 0.000000 0.000000
 0.000000 1.000000 0.000000 0.000000 0.000000 1.000000
//*************************************************
tpc01iw5
tpcChamber1
TUBE
kevlar
0.000000 0.000000 1500.000000
280.700000 281.300000
0.000000 0.000000 -1500.000000
0.000000 0.000000 0.000000
1.000000 0.000000 0.000000
 0.000000 1.000000 0.000000 0.000000 0.000000 1.000000
//*************************************************
tpc01iw6
tpcChamber1
TUBE
tedlar
0.000000 0.000000 1500.000000
281.300000 281.350000
0.000000 0.000000 -1500.000000
0.000000 0.000000 0.000000
1.000000 0.000000 0.000000
 0.000000 1.000000 0.000000 0.000000 0.000000 1.000000
//*************************************************
tpc01iw7
tpcChamber1
TUBE
aluminium
0.000000 0.000000 1500.000000
281.350000 281.400000
0.000000 0.000000 -1500.000000
0.000000 0.000000 0.000000
1.000000 0.000000 0.000000
 0.000000 1.000000 0.000000 0.000000 0.000000 1.000000
//*************************************************
tpc01iw8
tpcChamber1
TUBE
CO2
0.000000 0.000000 1500.000000
281.400000 331.400000
0.000000 0.000000 -1500.000000
0.000000 0.000000 0.000000
1.000000 0.000000 0.000000
 0.000000 1.000000 0.000000 0.000000 0.000000 1.000000
//*************************************************
tpc01iw9
tpcChamber1
TUBE
tedlar
0.000000 0.000000 1500.000000
331.400000 331.450000
0.000000 0.000000 -1500.000000
0.000000 0.000000 0.000000
1.000000 0.000000 0.000000
 0.000000 1.000000 0.000000 0.000000 0.000000 1.000000
//*************************************************
tpc01iw10
tpcChamber1
TUBE
kevlar
0.000000 0.000000 1500.000000
331.450000 331.650000
0.000000 0.000000 -1500.000000
0.000000 0.000000 0.000000
1.000000 0.000000 0.000000
 0.000000 1.000000 0.000000 0.000000 0.000000 1.000000
//*************************************************
tpc01iw11
tpcChamber1
TUBE
nomex
0.000000 0.000000 1500.000000
331.650000 341.650000
0.000000 0.000000 -1500.000000
0.000000 0.000000 0.000000
1.000000 0.000000 0.000000
 0.000000 1.000000 0.000000 0.000000 0.000000 1.000000
//*************************************************
tpc01iw12
tpcChamber1
TUBE
kevlar
0.000000 0.000000 1500.000000
341.650000 341.850000
0.000000 0.000000 -1500.000000
0.000000 0.000000 0.000000
1.000000 0.000000 0.000000
 0.000000 1.000000 0.000000 0.000000 0.000000 1.000000
//*************************************************
tpc01iw13
tpcChamber1
TUBE
tedlar
0.000000 0.000000 1500.000000
341.850000 341.900000
0.000000 0.000000 -1500.000000
0.000000 0.000000 0.000000
1.000000 0.000000 0.000000
 0.000000 1.000000 0.000000 0.000000 0.000000 1.000000
//*************************************************
tpc01sv
tpcChamber1
TUBE
TPCmixture
0.000000 0.000000 1500.000000
341.900000 998.100000
0.000000 0.000000 -1500.000000
0.000000 0.000000 0.000000
1.000000 0.000000 0.000000
 0.000000 1.000000 0.000000 0.000000 0.000000 1.000000
//*************************************************
tpc01ow1
tpcChamber1
TUBE
tedlar
0.000000 0.000000 1500.000000
998.100000 998.150000
0.000000 0.000000 -1500.000000
0.000000 0.000000 0.000000
1.000000 0.000000 0.000000
 0.000000 1.000000 0.000000 0.000000 0.000000 1.000000
//*************************************************
tpc01ow2
tpcChamber1
TUBE
kevlar
0.000000 0.000000 1500.000000
998.150000 998.350000
0.000000 0.000000 -1500.000000
0.000000 0.000000 0.000000
1.000000 0.000000 0.000000
 0.000000 1.000000 0.000000 0.000000 0.000000 1.000000
//*************************************************
tpc01ow3
tpcChamber1
TUBE
nomex
0.000000 0.000000 1500.000000
998.350000 1018.350000
0.000000 0.000000 -1500.000000
0.000000 0.000000 0.000000
1.000000 0.000000 0.000000
 0.000000 1.000000 0.000000 0.000000 0.000000 1.000000
//*************************************************
tpc01ow4
tpcChamber1
TUBE
kevlar
0.000000 0.000000 1500.000000
1018.350000 1018.550000
0.000000 0.000000 -1500.000000
0.000000 0.000000 0.000000
1.000000 0.000000 0.000000
 0.000000 1.000000 0.000000 0.000000 0.000000 1.000000
//*************************************************
tpc01ow5
tpcChamber1
TUBE
tedlar
0.000000 0.000000 1500.000000
1018.550000 1018.600000
0.000000 0.000000 -1500.000000
0.000000 0.000000 0.000000
1.000000 0.000000 0.000000
 0.000000 1.000000 0.000000 0.000000 0.000000 1.000000
//*************************************************
tpc01ow6
tpcChamber1
TUBE
CO2
0.000000 0.000000 1500.000000
1018.600000 1068.600000
0.000000 0.000000 -1500.000000
0.000000 0.000000 0.000000
1.000000 0.000000 0.000000
 0.000000 1.000000 0.000000 0.000000 0.000000 1.000000
//*************************************************
tpc01ow7
tpcChamber1
TUBE
aluminium
0.000000 0.000000 1500.000000
1068.600000 1068.650000
0.000000 0.000000 -1500.000000
0.000000 0.000000 0.000000
1.000000 0.000000 0.000000
 0.000000 1.000000 0.000000 0.000000 0.000000 1.000000
//*************************************************
tpc01ow8
tpcChamber1
TUBE
tedlar
0.000000 0.000000 1500.000000
1068.650000 1068.700000
0.000000 0.000000 -1500.000000
0.000000 0.000000 0.000000
1.000000 0.000000 0.000000
 0.000000 1.000000 0.000000 0.000000 0.000000 1.000000
//*************************************************
tpc01ow9
tpcChamber1
TUBE
kevlar
0.000000 0.000000 1500.000000
1068.700000 1069.300000
0.000000 0.000000 -1500.000000
0.000000 0.000000 0.000000
1.000000 0.000000 0.000000
 0.000000 1.000000 0.000000 0.000000 0.000000 1.000000
//*************************************************
tpc01ow10
tpcChamber1
TUBE
nomex
0.000000 0.000000 1500.000000
1069.300000 1099.300000
0.000000 0.000000 -1500.000000
0.000000 0.000000 0.000000
1.000000 0.000000 0.000000
 0.000000 1.000000 0.000000 0.000000 0.000000 1.000000
//*************************************************
tpc01ow11
tpcChamber1
TUBE
kevlar
0.000000 0.000000 1500.000000
1099.300000 1099.900000
0.000000 0.000000 -1500.000000
0.000000 0.000000 0.000000
1.000000 0.000000 0.000000
 0.000000 1.000000 0.000000 0.000000 0.000000 1.000000
//*************************************************
tpc01ow12
tpcChamber1
TUBE
tedlar
0.000000 0.000000 1500.000000
1099.900000 1099.950000
0.000000 0.000000 -1500.000000
0.000000 0.000000 0.000000
1.000000 0.000000 0.000000
 0.000000 1.000000 0.000000 0.000000 0.000000 1.000000
//*************************************************
tpc01ow13
tpcChamber1
TUBE
aluminium
0.000000 0.000000 1500.000000
1099.950000 1100.000000
0.000000 0.000000 -1500.000000
0.000000 0.000000 0.000000
1.000000 0.000000 0.000000
 0.000000 1.000000 0.000000 0.000000 0.000000 1.000000
//*************************************************
tpc01ppS
tpc01sv
TUBE
G10
0.000000 0.000000 1495.000000
341.900000 998.100000
0.000000 0.000000 1497.000000
0.000000 0.000000 0.000000
1.000000 0.000000 0.000000
 0.000000 1.000000 0.000000 0.000000 0.000000 1.000000
//*************************************************
tpc01ppN
tpc01sv
TUBE
G10
0.000000 0.000000 -1495.000000
341.900000 998.100000
0.000000 0.000000 -1497.000000
0.000000 0.000000 0.000000
1.000000 0.000000 0.000000
 0.000000 1.000000 0.000000 0.000000 0.000000 1.000000
//*************************************************
tpc01bpS
tpc01sv
TUBE
aluminium
0.000000 0.000000 1497.000000
341.900000 998.100000
0.000000 0.000000 1500.000000
0.000000 0.000000 0.000000
1.000000 0.000000 0.000000
 0.000000 1.000000 0.000000 0.000000 0.000000 1.000000
//*************************************************
tpc01bpN
tpc01sv
TUBE
aluminium
0.000000 0.000000 -1497.000000
341.900000 998.100000
0.000000 0.000000 -1500.000000
0.000000 0.000000 0.000000
1.000000 0.000000 0.000000
 0.000000 1.000000 0.000000 0.000000 0.000000 1.000000
//*************************************************
tpc01ofS
tpcChamber1
TUBE
aluminium
0.000000 0.000000 1500.000000
998.100000 1100.000000
0.000000 0.000000 1515.000000
0.000000 0.000000 0.000000
1.000000 0.000000 0.000000
 0.000000 1.000000 0.000000 0.000000 0.000000 1.000000
//*************************************************
tpc01ofN
tpcChamber1
TUBE
aluminium
0.000000 0.000000 -1500.000000
998.100000 1100.000000
0.000000 0.000000 -1515.000000
0.000000 0.000000 0.000000
1.000000 0.000000 0.000000
 0.000000 1.000000 0.000000 0.000000 0.000000 1.000000
//*************************************************
tpc01ifS
tpcChamber1
TUBE
aluminium
0.000000 0.000000 1500.000000
270.000000 341.900000
0.000000 0.000000 1515.000000
0.000000 0.000000 0.000000
1.000000 0.000000 0.000000
 0.000000 1.000000 0.000000 0.000000 0.000000 1.000000
//*************************************************
tpc01ifN
tpcChamber1
TUBE
aluminium
0.000000 0.000000 -1500.000000
270.000000 341.900000
0.000000 0.000000 -1515.000000
0.000000 0.000000 0.000000
1.000000 0.000000 0.000000
 0.000000 1.000000 0.000000 0.000000 0.000000 1.000000
//*************************************************
tpc01Rib#1
tpcChamber1
BOX
aluminium
25.000000 -414.857936 -47.500000
25.000000 414.857936 -47.500000
-25.000000 414.857936 -47.500000
-25.000000 -414.857936 -47.500000
25.000000 -414.857936 47.500000
25.000000 414.857936 47.500000
-25.000000 414.857936 47.500000
-25.000000 -414.857936 47.500000
684.857936 0.000000 1562.500000
-0.0000000000 1.0000000000 -0.0000000000 -1.0000000000 -0.0000000000 -0.0000000000 -0.0000000000 0.0000000000 1.0000000000 
//*************************************************
tpc01Gap#1
tpc01Rib#1
BOX
air
25.000000 -364.857936 -32.500000
25.000000 364.857936 -32.500000
-25.000000 364.857936 -32.500000
-25.000000 -364.857936 -32.500000
25.000000 -364.857936 32.500000
25.000000 364.857936 32.500000
-25.000000 364.857936 32.500000
-25.000000 -364.857936 32.500000
0.000000 0.000000 0.000000
1.0000000000 -0.0000000000 0.0000000000 0.0000000000 1.0000000000 0.0000000000 -0.0000000000 0.0000000000 1.0000000000 
//*************************************************
tpc01Rib#2
tpcChamber1
593.104371 342.428968 1562.500000
0.5000000000 0.8660254038 0.0000000000 -0.8660254038 0.5000000000 -0.0000000000 -0.0000000000 0.0000000000 1.0000000000 
//*************************************************
tpc01Rib#3
tpcChamber1
342.428968 593.104371 1562.500000
0.8660254038 0.5000000000 0.0000000000 -0.5000000000 0.8660254038 -0.0000000000 -0.0000000000 0.0000000000 1.0000000000 
//*************************************************
tpc01Rib#4
tpcChamber1
0.000000 684.857936 1562.500000
1.0000000000 -0.0000000000 0.0000000000 0.0000000000 1.0000000000 0.0000000000 -0.0000000000 0.0000000000 1.0000000000 
//*************************************************
tpc01Rib#5
tpcChamber1
-342.428968 593.104371 1562.500000
0.8660254038 -0.5000000000 0.0000000000 0.5000000000 0.8660254038 0.0000000000 -0.0000000000 0.0000000000 1.0000000000 
//*************************************************
tpc01Rib#6
tpcChamber1
-593.104371 342.428968 1562.500000
0.5000000000 -0.8660254038 0.0000000000 0.8660254038 0.5000000000 0.0000000000 -0.0000000000 0.0000000000 1.0000000000 
//*************************************************
tpc01Rib#7
tpcChamber1
-684.857936 0.000000 1562.500000
-0.0000000000 -1.0000000000 -0.0000000000 1.0000000000 -0.0000000000 0.0000000000 -0.0000000000 0.0000000000 1.0000000000 
//*************************************************
tpc01Rib#8
tpcChamber1
-593.104371 -342.428968 1562.500000
-0.5000000000 -0.8660254038 -0.0000000000 0.8660254038 -0.5000000000 0.0000000000 -0.0000000000 0.0000000000 1.0000000000 
//*************************************************
tpc01Rib#9
tpcChamber1
-342.428968 -593.104371 1562.500000
-0.8660254038 -0.5000000000 -0.0000000000 0.5000000000 -0.8660254038 0.0000000000 -0.0000000000 0.0000000000 1.0000000000 
//*************************************************
tpc01Rib#10
tpcChamber1
-0.000000 -684.857936 1562.500000
-1.0000000000 0.0000000000 -0.0000000000 -0.0000000000 -1.0000000000 -0.0000000000 -0.0000000000 0.0000000000 1.0000000000 
//*************************************************
tpc01Rib#11
tpcChamber1
342.428968 -593.104371 1562.500000
-0.8660254038 0.5000000000 -0.0000000000 -0.5000000000 -0.8660254038 -0.0000000000 -0.0000000000 0.0000000000 1.0000000000 
//*************************************************
tpc01Rib#12
tpcChamber1
593.104371 -342.428968 1562.500000
-0.5000000000 0.8660254038 -0.0000000000 -0.8660254038 -0.5000000000 -0.0000000000 -0.0000000000 0.0000000000 1.0000000000 
//*************************************************
tpc01Rib#13
tpcChamber1
684.857936 0.000000 -1562.500000
-0.0000000000 1.0000000000 -0.0000000000 -1.0000000000 -0.0000000000 -0.0000000000 -0.0000000000 0.0000000000 1.0000000000 
//*************************************************
tpc01Rib#14
tpcChamber1
593.104371 342.428968 -1562.500000
0.5000000000 0.8660254038 0.0000000000 -0.8660254038 0.5000000000 -0.0000000000 -0.0000000000 0.0000000000 1.0000000000 
//*************************************************
tpc01Rib#15
tpcChamber1
342.428968 593.104371 -1562.500000
0.8660254038 0.5000000000 0.0000000000 -0.5000000000 0.8660254038 -0.0000000000 -0.0000000000 0.0000000000 1.0000000000 
//*************************************************
tpc01Rib#16
tpcChamber1
0.000000 684.857936 -1562.500000
1.0000000000 -0.0000000000 0.0000000000 0.0000000000 1.0000000000 0.0000000000 -0.0000000000 0.0000000000 1.0000000000 
//*************************************************
tpc01Rib#17
tpcChamber1
-342.428968 593.104371 -1562.500000
0.8660254038 -0.5000000000 0.0000000000 0.5000000000 0.8660254038 0.0000000000 -0.0000000000 0.0000000000 1.0000000000 
//*************************************************
tpc01Rib#18
tpcChamber1
-593.104371 342.428968 -1562.500000
0.5000000000 -0.8660254038 0.0000000000 0.8660254038 0.5000000000 0.0000000000 -0.0000000000 0.0000000000 1.0000000000 
//*************************************************
tpc01Rib#19
tpcChamber1
-684.857936 0.000000 -1562.500000
-0.0000000000 -1.0000000000 -0.0000000000 1.0000000000 -0.0000000000 0.0000000000 -0.0000000000 0.0000000000 1.0000000000 
//*************************************************
tpc01Rib#20
tpcChamber1
-593.104371 -342.428968 -1562.500000
-0.5000000000 -0.8660254038 -0.0000000000 0.8660254038 -0.5000000000 0.0000000000 -0.0000000000 0.0000000000 1.0000000000 
//*************************************************
tpc01Rib#21
tpcChamber1
-342.428968 -593.104371 -1562.500000
-0.8660254038 -0.5000000000 -0.0000000000 0.5000000000 -0.8660254038 0.0000000000 -0.0000000000 0.0000000000 1.0000000000 
//*************************************************
tpc01Rib#22
tpcChamber1
-0.000000 -684.857936 -1562.500000
-1.0000000000 0.0000000000 -0.0000000000 -0.0000000000 -1.0000000000 -0.0000000000 -0.0000000000 0.0000000000 1.0000000000 
//*************************************************
tpc01Rib#23
tpcChamber1
342.428968 -593.104371 -1562.500000
-0.8660254038 0.5000000000 -0.0000000000 -0.5000000000 -0.8660254038 -0.0000000000 -0.0000000000 0.0000000000 1.0000000000 
//*************************************************
tpc01Rib#24
tpcChamber1
593.104371 -342.428968 -1562.500000
-0.5000000000 0.8660254038 -0.0000000000 -0.8660254038 -0.5000000000 -0.0000000000 -0.0000000000 0.0000000000 1.0000000000 
